4030000		179
4110000		178.5
4120000		178
4190000		205
4230000		204.5
4250000		204
4310000		223
4340000		222.5
4400000		222
4460000		261
4500000		260.5
4530000		260
4590000		297
4620000		296.75
4690000		296.5
4750000		384
4780000		383.5
4820000		383
4970000		432
5010000		431.5
5040000		431
5110000		494
5140000		493.5
5170000		493
5260000		538
5310000		537.75
5350000		537.5
5450000		581
5480000		580.25
5560000		580.5
5610000		627
5650000		626.5
5680000		626
5850000		683
5880000		682.25
5910000		681.5
6000000		707
6030000		706.5
6070000		706
6130000		758
6160000		757.5
6200000		757
6290000		850
6330000		849
6360000		848
6440000		892
6490000		891.5
6540000		891
6600000		944
6650000		943.5
6740000		943
6790000		1001
6840000		1000.5
6880000		1000
6940000		1057
7010000		1056.5
7040000		1056
7100000		1082
7140000		1081.75
7180000		1081.5
7300000		1105
7330000		1104.5
7370000		1104
7420000		1147
7460000		1146.5
7510000		1146
7580000		1211
7620000		1210.5
7660000		1210
7710000		1246
7750000		1245
7790000		1244
