M0 10000 2875 2868 1452 2877 2882 2866 2879 2864 3803669 3798533 3791291 3792284 3797108 3801021 3800076 3802938 
0 20000 2876 2870 1451 2878 2882 2867 2879 2865 3803742 3798650 3791690 3792646 3797310 3801179 3800222 3803098 
0 30000 2876 2869 1450 2879 2884 2866 2881 2865 3803812 3798716 3791756 3792641 3797437 3801275 3800318 3803118 
0 40000 2875 2868 1451 2875 2883 2866 2879 2865 3803864 3798746 3791843 3792735 3797484 3801340 3800379 3803189 
0 50000 2875 2870 1451 2878 2883 2866 2880 2866 3803838 3798741 3791865 3792768 3797495 3801353 3800390 3803212 
0 60000 2876 2868 1451 2880 2884 2865 2880 2865 3803613 3798618 3791819 3792679 3797459 3801262 3800186 3803113 
0 70000 2876 2869 1450 2879 2883 2866 2881 2865 3803659 3798644 3791845 3792703 3797437 3801284 3800127 3803102 
0 80000 2876 2867 1451 2877 2884 2866 2880 2865 3803628 3798627 3791852 3792756 3797447 3801282 3800143 3803181 
0 90000 2877 2868 1452 2878 2883 2867 2878 2865 3803658 3798656 3791844 3792795 3797424 3801316 3800063 3803200 
0 100000 2895 2869 1449 2878 2883 2867 2880 2865 3803671 3798649 3791828 3792833 3797450 3801335 3800103 3803166 
0 110000 2875 2870 1453 2879 2882 2867 2879 2864 3803730 3798669 3791892 3792809 3797475 3801354 3800218 3803229 
0 120000 2876 2869 1451 2879 2888 2866 2880 2865 3803714 3798695 3791888 3792831 3797501 3801353 3800229 3803258 
0 130000 2875 2869 1452 2879 2883 2867 2879 2865 3803700 3798623 3791862 3792788 3797515 3801354 3800270 3803254 
0 140000 2875 2870 1449 2878 2883 2866 2879 2864 3803689 3798666 3791855 3792733 3797473 3801280 3800182 3803228 
0 150000 2876 2870 1451 2879 2882 2865 2880 2866 3803531 3798675 3791851 3792726 3797444 3801276 3800093 3803138 
0 160000 2873 2868 1452 2878 2884 2865 2878 2865 3803646 3798568 3791824 3792652 3797424 3801302 3800133 3803141 
0 170000 2876 2870 1450 2877 2883 2866 2880 2865 3803593 3798538 3791777 3792631 3797354 3801216 3800145 3803127 
0 180000 2876 2869 1451 2878 2883 2866 2879 2866 3803463 3798431 3791728 3792658 3797351 3801246 3799979 3802990 
0 190000 2876 2868 1450 2878 2881 2866 2879 2865 3803501 3798477 3791726 3792681 3797321 3801221 3800021 3803018 
0 200000 2876 2869 1451 2878 2883 2865 2880 2865 3803491 3798470 3791747 3792640 3797307 3801219 3799958 3803039 
0 210000 2877 2870 1451 2877 2883 2865 2879 2864 3803508 3798507 3791690 3792573 3797270 3801183 3799908 3803053 
0 220000 2876 2868 1450 2878 2882 2865 2879 2865 3803441 3798430 3791688 3792586 3797250 3801175 3799890 3803032 
0 230000 2873 2869 1451 2878 2883 2863 2878 2864 3803265 3798272 3791613 3792527 3797212 3801177 3799805 3802926 
0 240000 2873 2869 1449 2878 2883 2866 2880 2864 3803067 3798131 3791534 3792396 3797037 3801088 3799651 3802840 
0 250000 2875 2869 1452 2878 2882 2866 2878 2864 3803111 3798179 3791564 3792331 3796995 3801024 3799596 3802790 
0 260000 2875 2869 1451 2878 2882 2865 2878 2864 3803202 3798207 3791527 3792360 3797085 3801013 3799706 3802776 
0 270000 2875 2869 1449 2878 2882 2865 2879 2865 3803298 3798248 3791523 3792447 3797101 3801040 3799825 3802859 
0 280000 2873 2869 1451 2878 2883 2866 2879 2864 3803198 3798213 3791498 3792399 3797073 3801107 3799592 3802814 
0 290000 2876 2869 1455 2880 2882 2866 2880 2866 3803132 3798100 3791502 3792338 3796965 3801106 3799508 3802799 
0 300000 2876 2868 1451 2877 2883 2865 2879 2865 3803235 3798209 3791563 3792368 3797070 3801140 3799654 3802864 
0 310000 2874 2868 1449 2877 2884 2865 2881 2865 3803219 3798225 3791519 3792419 3797119 3801144 3799749 3802907 
0 320000 2875 2868 1454 2878 2882 2865 2878 2865 3803276 3798263 3791559 3792445 3797098 3801159 3799792 3802890 
0 330000 2875 2870 1451 2878 2882 2866 2879 2865 3803182 3798178 3791550 3792368 3797078 3801166 3799729 3802889 
0 340000 2875 2872 1452 2878 2882 2865 2879 2865 3803141 3798143 3791525 3792360 3797000 3801154 3799659 3802839 
0 350000 2874 2870 1451 2879 2882 2865 2879 2865 3803009 3798093 3791478 3792345 3796943 3801147 3799468 3802779 
0 360000 2876 2869 1449 2877 2885 2865 2880 2864 3802983 3798022 3791426 3792332 3796948 3801182 3799486 3802743 
0 370000 2875 2870 1452 2879 2880 2865 2879 2865 3803010 3798093 3791470 3792316 3796929 3801139 3799422 3802722 
0 380000 2875 2869 1450 2878 2882 2865 2879 2864 3803095 3798194 3791465 3792353 3796987 3801160 3799548 3802789 
0 390000 2874 2867 1449 2878 2881 2866 2877 2864 3803129 3798205 3791511 3792412 3797026 3801228 3799761 3802857 
0 400000 2875 2870 1450 2877 2882 2866 2879 2865 3803439 3798376 3791498 3792456 3797087 3801288 3799942 3802926 
0 410000 2876 2871 1450 2880 2881 2865 2879 2865 3803536 3798466 3791610 3792516 3797197 3801276 3799989 3802971 
0 420000 2877 2869 1451 2878 2883 2866 2878 2864 3803603 3798523 3791674 3792593 3797320 3801383 3800230 3803028 
0 430000 2875 2869 1450 2879 2883 2866 2881 2865 3803499 3798482 3791739 3792577 3797303 3801390 3799975 3803055 
0 440000 2877 2868 1452 2879 2883 2865 2878 2865 3803484 3798495 3791771 3792600 3797290 3801425 3800065 3803097 
0 450000 2885 2869 1450 2877 2883 2867 2880 2864 3803563 3798568 3791790 3792719 3797352 3801458 3800076 3803135 
0 460000 2875 2869 1451 2878 2884 2867 2880 2864 3803635 3798596 3791836 3792802 3797389 3801572 3800189 3803283 
0 470000 2877 2870 1451 2878 2883 2866 2879 2865 3803778 3798754 3791851 3792863 3797456 3801564 3800281 3803323 
0 480000 2877 2869 1449 2880 2882 2866 2879 2868 3803841 3798835 3791977 3792916 3797503 3801601 3800364 3803352 
0 490000 2875 2870 1451 2879 2883 2866 2879 2866 3803906 3798877 3792010 3792862 3797565 3801523 3800404 3803406 
0 500000 2877 2870 1450 2878 2881 2866 2880 2865 3803799 3798875 3791996 3792877 3797600 3801562 3800400 3803339 
0 510000 2876 2870 1452 2879 2883 2866 2878 2865 3803776 3798793 3791985 3792915 3797590 3801539 3800342 3803320 
0 520000 2877 2869 1450 2879 2883 2866 2880 2864 3803783 3798783 3791978 3792879 3797543 3801543 3800207 3803303 
0 530000 2878 2870 1456 2878 2883 2866 2878 2865 3803796 3798807 3791969 3792890 3797555 3801523 3800375 3803325 
0 540000 2874 2869 1451 2878 2882 2866 2880 2865 3803874 3798849 3791986 3792933 3797598 3801571 3800372 3803386 
0 550000 2877 2869 1451 2879 2883 2865 2880 2866 3803777 3798764 3792009 3792931 3797586 3801584 3800412 3803398 
0 560000 2876 2870 1451 2879 2884 2868 2880 2864 3803767 3798730 3792041 3792926 3797507 3801625 3800319 3803394 
0 570000 2876 2870 1450 2878 2881 2866 2879 2865 3803222 3798543 3791997 3792777 3797400 3801549 3799726 3803137 
0 580000 2876 2870 1451 2879 2883 2865 2878 2865 3802897 3798080 3791733 3792630 3797207 3801506 3799351 3802879 
0 590000 2875 2868 1450 2878 2883 2866 2880 2865 3802832 3798008 3791599 3792402 3796914 3801362 3799269 3802786 
0 600000 2875 2870 1452 2878 2882 2867 2879 2866 3802722 3797967 3791498 3792304 3796788 3801256 3799240 3802678 
0 610000 2875 2869 1451 2879 2883 2866 2879 2865 3802834 3797962 3791398 3792251 3796761 3801193 3799242 3802703 
0 620000 2874 2868 1451 2878 2881 2865 2878 2865 3802954 3798013 3791351 3792298 3796812 3801159 3799377 3802711 
0 630000 2874 2868 1451 2878 2882 2866 2879 2865 3803074 3798086 3791378 3792315 3796928 3801162 3799505 3802739 
0 640000 2875 2869 1449 2878 2882 2867 2881 2864 3803271 3798225 3791643 3792725 3797199 3801569 3799972 3803294 
0 650000 2876 2870 1451 2878 2883 2867 2879 2865 3803462 3798404 3791706 3792645 3797259 3801566 3800087 3803294 
0 660000 2875 2868 1451 2878 2883 2866 2879 2865 3803530 3798455 3791754 3792771 3797373 3801535 3800168 3803293 
0 670000 2877 2869 1451 2879 2883 2867 2879 2865 3803578 3798488 3791751 3792819 3797403 3801530 3800295 3803328 
0 680000 2878 2869 1450 2878 2882 2866 2878 2865 3803762 3798596 3791815 3792791 3797445 3801506 3800323 3803359 
0 690000 2877 2869 1450 2878 2883 2867 2880 2865 3803838 3798751 3791871 3792823 3797471 3801547 3800483 3803344 
0 700000 2875 2870 1450 2879 2883 2867 2880 2866 3803927 3798781 3791938 3792878 3797635 3801631 3800519 3803415 
0 710000 2876 2870 1450 2881 2883 2866 2881 2865 3803995 3798869 3792000 3792945 3797661 3801678 3800622 3803499 
0 720000 2876 2869 1452 2880 2885 2866 2879 2865 3804110 3799013 3792063 3793011 3797747 3801688 3800721 3803530 
0 730000 2876 2869 1451 2878 2884 2867 2880 2865 3804057 3798959 3792120 3793098 3797780 3801717 3800714 3803577 
0 740000 2877 2869 1452 2878 2882 2866 2880 2865 3803907 3798841 3792151 3793061 3797718 3801685 3800378 3803513 
0 750000 2875 2869 1452 2879 2883 2866 2879 2866 3803732 3798759 3792130 3792973 3797656 3801640 3800228 3803465 
0 760000 2876 2869 1451 2879 2883 2866 2879 2865 3803654 3798664 3792019 3792926 3797614 3801554 3800185 3803383 
0 770000 2876 2869 1450 2878 2882 2865 2881 2866 3803356 3798417 3791922 3792802 3797377 3801469 3799997 3803214 
0 780000 2874 2870 1450 2880 2883 2865 2880 2865 3803300 3798328 3791856 3792712 3797308 3801375 3799830 3803148 
0 790000 2875 2869 1449 2879 2883 2866 2879 2865 3803268 3798257 3791788 3792619 3797287 3801360 3799870 3803277 
0 800000 2875 2870 1450 2879 2883 2866 2880 2865 3803246 3798304 3791763 3792735 3797233 3801611 3799816 3803176 
0 810000 2876 2868 1451 2878 2882 2866 2880 2865 3803215 3798276 3791708 3792651 3797204 3801416 3799762 3803117 
0 820000 2875 2869 1453 2878 2883 2866 2879 2864 3803263 3798261 3791617 3792643 3797156 3801350 3799836 3803062 
0 830000 2881 2869 1450 2877 2882 2865 2879 2865 3803269 3798275 3791574 3792586 3797184 3801306 3799866 3802980 
0 840000 2875 2867 1451 2878 2882 2866 2879 2865 3803328 3798300 3791598 3792514 3797163 3801198 3799819 3802963 
0 850000 2876 2868 1453 2879 2883 2866 2879 2869 3803401 3798374 3791549 3792525 3797236 3801246 3799961 3802984 
0 860000 2875 2868 1452 2878 2883 2865 2878 2865 3803506 3798463 3791591 3792540 3797246 3801253 3799987 3803003 
0 870000 2876 2869 1450 2877 2883 2864 2880 2865 3803458 3798417 3791600 3792539 3797267 3801249 3799990 3802945 
0 880000 2876 2870 1451 2878 2883 2865 2879 2865 3803458 3798480 3791629 3792598 3797256 3801250 3800003 3803010 
0 890000 2876 2869 1452 2879 2883 2866 2879 2865 3803478 3798450 3791644 3792630 3797273 3801306 3799951 3803033 
0 900000 2876 2870 1450 2877 2883 2865 2879 2865 3803364 3798345 3791669 3792600 3797254 3801265 3799902 3802995 
0 910000 2875 2870 1451 2878 2882 2866 2879 2865 3803324 3798318 3791631 3792485 3797220 3801226 3799843 3802936 
0 920000 2874 2868 1450 2878 2883 2865 2880 2865 3803326 3798319 3791618 3792477 3797160 3801192 3799852 3802924 
0 930000 2875 2868 1453 2878 2884 2865 2878 2865 3803391 3798343 3791571 3792364 3797141 3801127 3799910 3802866 
0 940000 2877 2869 1451 2878 2884 2866 2880 2865 3803449 3798315 3791524 3792374 3797179 3801068 3799941 3802843 
0 950000 2876 2868 1452 2882 2882 2866 2879 2865 3803366 3798319 3791507 3792324 3797090 3801071 3799881 3802816 
0 960000 2875 2868 1451 2878 2883 2866 2879 2865 3803386 3798286 3791531 3792389 3797087 3801119 3799771 3802810 
0 970000 2876 2871 1450 2878 2883 2864 2879 2865 3803342 3798202 3791536 3792478 3797154 3801155 3799885 3802868 
0 980000 2875 2869 1450 2878 2883 2865 2880 2864 3803172 3798171 3791457 3792357 3796971 3801174 3799736 3802803 
0 990000 2871 2868 1450 2877 2884 2866 2880 2866 3803023 3798055 3791472 3792324 3796884 3801134 3799452 3802718 
0 1000000 2875 2870 1451 2878 2882 2866 2879 2870 3802881 3798020 3791419 3792327 3796857 3801083 3799282 3802584 
0 1010000 2873 2868 1449 2878 2883 2865 2879 2864 3802984 3798040 3791365 3792270 3796840 3801069 3799384 3802642 
0 1020000 2874 2869 1452 2878 2882 2865 2878 2865 3803062 3798038 3791342 3792270 3796929 3801067 3799471 3802658 
0 1030000 2875 2868 1452 2877 2882 2865 2877 2866 3803121 3798017 3791338 3792279 3796913 3801041 3799660 3802711 
0 1040000 2878 2868 1450 2878 2882 2865 2879 2865 3803162 3798135 3791336 3792276 3796916 3801097 3799633 3802680 
0 1050000 2876 2870 1450 2881 2882 2865 2878 2864 3803146 3798099 3791359 3792338 3796955 3801094 3799590 3802694 
0 1060000 2877 2868 1449 2880 2882 2866 2879 2865 3803136 3798063 3791309 3792309 3796936 3801122 3799586 3802765 
0 1070000 2875 2869 1451 2876 2883 2870 2878 2864 3803223 3798135 3791303 3792369 3796958 3801126 3799662 3802734 
0 1080000 2875 2873 1450 2879 2883 2865 2880 2865 3803226 3798140 3791378 3792376 3797003 3801152 3799730 3802791 
0 1090000 2874 2868 1451 2878 2882 2865 2878 2865 3803273 3798184 3791445 3792425 3797042 3801147 3799762 3802804 
0 1100000 2874 2869 1451 2880 2882 2865 2879 2864 3803231 3798160 3791409 3792428 3796977 3801142 3799637 3802733 
0 1110000 2875 2870 1450 2878 2882 2865 2878 2866 3802997 3797926 3791402 3792313 3796930 3801134 3799499 3802704 
0 1120000 2874 2872 1450 2878 2882 2866 2880 2864 3802999 3797950 3791353 3792237 3796863 3801022 3799534 3802697 
0 1130000 2874 2869 1452 2877 2881 2865 2879 2865 3803014 3797979 3791341 3792240 3796869 3800988 3799454 3802684 
0 1140000 2876 2869 1452 2877 2882 2865 2877 2864 3802737 3797868 3791280 3792200 3796746 3800974 3799319 3802439 
0 1150000 2877 2868 1449 2877 2883 2864 2880 2865 3802615 3797656 3791117 3792114 3796605 3800964 3799170 3802362 
0 1160000 2877 2868 1453 2878 2880 2866 2878 2864 3802587 3797693 3791090 3792119 3796578 3800944 3799023 3802334 
0 1170000 2875 2868 1453 2881 2884 2866 2880 2864 3802506 3797610 3791062 3792030 3796404 3800921 3798777 3802163 
0 1180000 2874 2868 1451 2878 2882 2864 2878 2864 3802383 3797478 3790952 3791952 3796361 3800885 3798833 3802234 
0 1190000 2874 2868 1450 2879 2882 2865 2878 2864 3802461 3797583 3790967 3791936 3796410 3800845 3798876 3802202 
0 1200000 2873 2868 1450 2877 2881 2865 2878 2865 3802538 3797570 3790905 3791943 3796442 3800824 3799019 3802271 
0 1210000 2874 2868 1451 2878 2881 2864 2879 2864 3802413 3797520 3790907 3791960 3796388 3800812 3798900 3802125 
0 1220000 2874 2869 1449 2878 2882 2864 2882 2863 3802321 3797337 3790861 3791806 3796333 3800795 3798833 3802131 
0 1230000 2874 2868 1452 2877 2880 2866 2878 2864 3802316 3797366 3790804 3791809 3796350 3800685 3798830 3802195 
0 1240000 2876 2868 1452 2878 2883 2866 2878 2864 3802363 3797314 3790830 3791767 3796368 3800699 3798816 3802178 
0 1250000 2874 2869 1450 2878 2882 2865 2878 2864 3802278 3797337 3790816 3791725 3796277 3800632 3798791 3802187 
0 1260000 2876 2869 1451 2878 2881 2865 2878 2863 3802350 3797371 3790759 3791748 3796269 3800626 3798852 3802103 
0 1270000 2875 2869 1450 2878 2881 2865 2879 2865 3802263 3797222 3790644 3791576 3796144 3800619 3798605 3802078 
0 1280000 2875 2867 1451 2878 2883 2865 2875 2864 3802188 3797225 3790669 3791680 3796134 3800624 3798725 3801932 
0 1290000 2897 2868 1450 2878 2882 2864 2879 2864 3802072 3797110 3790580 3791633 3796051 3800618 3798566 3801819 
0 1300000 2875 2868 1452 2877 2881 2866 2878 2864 3802085 3797147 3790590 3791647 3796019 3800625 3798586 3801916 
0 1310000 2874 2868 1452 2878 2881 2866 2878 2865 3802051 3797068 3790509 3791582 3796048 3800686 3798661 3801989 
0 1320000 2876 2868 1450 2878 2882 2866 2878 2864 3802203 3797231 3790550 3791657 3796118 3800642 3798800 3802080 
0 1330000 2876 2869 1451 2879 2882 2865 2879 2864 3802358 3797329 3790659 3791842 3796345 3800655 3798898 3802100 
0 1340000 2876 2869 1451 2879 2885 2866 2879 2865 3802566 3797516 3790746 3791849 3796403 3800893 3799254 3802279 
0 1350000 2876 2869 1451 2879 2883 2867 2878 2865 3802797 3797638 3790848 3791899 3796515 3800994 3799357 3802386 
0 1360000 2876 2868 1450 2879 2881 2867 2881 2865 3802927 3797853 3790982 3792026 3796557 3801062 3799399 3802500 
0 1370000 2876 2869 1451 2878 2882 2866 2880 2865 3803093 3798053 3791125 3792193 3796735 3801244 3799485 3802594 
0 1380000 2875 2869 1453 2879 2882 2866 2879 2864 3803145 3798049 3791152 3792157 3796803 3801204 3799620 3802612 
0 1390000 2875 2869 1451 2879 2883 2865 2880 2864 3803200 3798096 3791159 3792183 3796808 3801162 3799677 3802652 
0 1400000 2876 2869 1450 2878 2884 2867 2878 2864 3803247 3798119 3791255 3792307 3796894 3801222 3799830 3802699 
0 1410000 2876 2870 1451 2878 2883 2866 2879 2866 3803354 3798224 3791328 3792359 3797050 3801271 3800024 3802734 
0 1420000 2875 2869 1452 2879 2882 2871 2879 2865 3803323 3798259 3791377 3792428 3797075 3801334 3800009 3802847 
0 1430000 2876 2869 1449 2878 2883 2867 2880 2866 3803440 3798308 3791410 3792282 3797049 3801294 3800014 3802785 
0 1440000 2877 2868 1452 2878 2884 2865 2879 2865 3803737 3798494 3791519 3792780 3797317 3801535 3800287 3803011 
0 1450000 2876 2868 1452 2879 2881 2866 2879 2864 3803780 3798562 3791569 3792786 3797326 3801709 3800459 3803241 
0 1460000 2876 2869 1452 2880 2883 2867 2879 2865 3803708 3798582 3791671 3792866 3797399 3801717 3800185 3803163 
0 1470000 2875 2870 1451 2880 2883 2867 2879 2864 3803585 3798549 3791740 3792784 3797369 3801670 3800108 3803193 
0 1480000 2876 2869 1451 2879 2884 2866 2879 2865 3803498 3798461 3791698 3792799 3797267 3801501 3799967 3803109 
0 1490000 2876 2868 1451 2879 2883 2866 2879 2865 3803334 3798321 3791645 3792680 3797210 3801395 3799895 3803018 
0 1500000 2877 2870 1450 2877 2884 2867 2879 2865 3803292 3798238 3791574 3792710 3797230 3801359 3799803 3803048 
0 1510000 2875 2873 1452 2878 2882 2867 2879 2865 3803091 3798072 3791467 3792439 3796972 3801364 3799693 3802993 
0 1520000 2877 2868 1451 2879 2884 2867 2880 2866 3802989 3797993 3791418 3792437 3796854 3801260 3799390 3802703 
0 1540000 2875 2870 1450 2878 2883 2866 2879 2865 3802982 3797958 3791277 3792364 3796826 3801185 3799460 3802689 
0 1550000 2876 2869 1450 2879 2883 2867 2880 2864 3803034 3797995 3791222 3792356 3796840 3801120 3799479 3802644 
0 1560000 2875 2869 1452 2880 2884 2866 2880 2866 3803126 3798010 3791222 3792317 3796859 3801141 3799622 3802667 
0 1570000 2878 2869 1450 2879 2883 2866 2880 2865 3803296 3798137 3791246 3792381 3796909 3801164 3799732 3802666 
0 1580000 2878 2870 1453 2879 2882 2867 2879 2866 3803218 3798065 3791280 3792434 3796930 3801283 3799778 3802745 
0 1590000 2877 2870 1451 2880 2883 2867 2880 2865 3803179 3798085 3791265 3792414 3796919 3801166 3799816 3802709 
0 1600000 2877 2870 1450 2879 2883 2866 2879 2865 3803158 3798128 3791227 3792296 3796873 3801098 3799712 3802611 
0 1610000 2876 2871 1451 2878 2882 2866 2880 2865 3803199 3798109 3791217 3792239 3796866 3800975 3799614 3802582 
0 1620000 2875 2870 1451 2879 2882 2866 2880 2865 3803247 3798111 3791189 3792250 3796890 3800999 3799713 3802540 
0 1630000 2876 2870 1452 2879 2884 2867 2879 2864 3803308 3798114 3791198 3792272 3796933 3801025 3799863 3802615 
0 1640000 2875 2868 1450 2880 2884 2867 2881 2865 3803390 3798193 3791296 3792320 3796960 3801069 3799898 3802670 
0 1650000 2877 2867 1452 2878 2883 2866 2878 2866 3803394 3798243 3791352 3792459 3797006 3801121 3799900 3802722 
0 1660000 2878 2870 1453 2880 2883 2867 2880 2867 3803417 3798289 3791366 3792471 3797031 3801245 3799937 3802786 
0 1670000 2876 2864 1451 2879 2883 2866 2880 2865 3803483 3798347 3791380 3792501 3797078 3801259 3799896 3802796 
0 1680000 2875 2869 1449 2879 2889 2866 2880 2864 3803445 3798362 3791408 3792454 3797063 3801193 3799872 3802777 
0 1690000 2877 2867 1450 2878 2883 2867 2879 2867 3803415 3798315 3791385 3792436 3797055 3801119 3799844 3802801 
0 1700000 2876 2871 1452 2878 2883 2866 2879 2865 3803451 3798323 3791403 3792376 3797048 3801084 3799905 3802714 
0 1710000 2876 2871 1450 2880 2882 2867 2880 2865 3803421 3798274 3791410 3792434 3797046 3801099 3799864 3802679 
0 1720000 2875 2868 1452 2882 2882 2867 2880 2865 3803435 3798332 3791384 3792468 3797051 3801133 3799895 3802726 
0 1730000 2876 2868 1451 2879 2884 2867 2878 2866 3803505 3798355 3791418 3792491 3797060 3801191 3800008 3802759 
0 1740000 2876 2870 1451 2879 2883 2865 2880 2865 3803610 3798374 3791398 3792527 3797151 3801266 3800041 3802856 
0 1750000 2878 2869 1452 2879 2884 2866 2880 2866 3803625 3798480 3791558 3792628 3797174 3801295 3800122 3802900 
0 1760000 2875 2870 1452 2878 2884 2867 2880 2866 3803673 3798525 3791554 3792661 3797253 3801326 3800159 3802929 
0 1770000 2881 2869 1451 2879 2884 2867 2880 2865 3803601 3798423 3791546 3792633 3797212 3801323 3800002 3802891 
0 1780000 2886 2869 1449 2878 2877 2865 2880 2866 3803429 3798286 3791559 3792529 3797130 3801222 3799939 3802822 
0 1790000 2879 2870 1452 2878 2882 2866 2878 2866 3803287 3798192 3791447 3792436 3797037 3801132 3799828 3802768 
0 1800000 2877 2870 1452 2880 2884 2866 2880 2866 3803267 3798165 3791383 3792445 3797052 3801068 3799741 3802733 
0 1810000 2877 2868 1451 2878 2883 2866 2879 2866 3803210 3798111 3791357 3792385 3796935 3801042 3799634 3802690 
0 1820000 2876 2872 1450 2879 2883 2865 2879 2865 3803193 3798093 3791270 3792409 3796927 3801063 3799734 3802703 
0 1830000 2877 2869 1451 2879 2883 2866 2878 2865 3803104 3798021 3791267 3792390 3796860 3801048 3799491 3802601 
0 1840000 2876 2869 1452 2879 2885 2867 2880 2865 3802971 3797940 3791205 3792308 3796803 3801012 3799446 3802556 
0 1860000 2877 2869 1453 2880 2882 2867 2879 2865 3803129 3798036 3791167 3792273 3796751 3800947 3799479 3802549 
0 1870000 2876 2869 1449 2880 2883 2867 2880 2866 3803213 3798082 3791194 3792291 3796831 3800974 3799674 3802565 
0 1880000 2874 2870 1450 2879 2883 2866 2880 2865 3803260 3798108 3791174 3792315 3796869 3801009 3799739 3802555 
0 1890000 2875 2868 1449 2877 2883 2866 2880 2865 3803248 3798155 3791235 3792348 3796892 3801015 3799692 3802608 
0 1900000 2875 2871 1451 2879 2881 2866 2879 2866 3803289 3798133 3791255 3792323 3796934 3801081 3799723 3802668 
0 1910000 2877 2869 1451 2880 2883 2867 2880 2865 3803287 3798173 3791305 3792339 3796922 3801071 3799769 3802634 
0 1920000 2874 2868 1450 2879 2883 2867 2881 2865 3803344 3798237 3791269 3792385 3796966 3801096 3799800 3802674 
0 1930000 2876 2869 1452 2878 2882 2867 2880 2865 3803347 3798223 3791322 3792410 3796946 3801116 3799798 3802665 
0 1940000 2875 2872 1452 2880 2883 2867 2881 2866 3803355 3798294 3791366 3792446 3796998 3801135 3799817 3802685 
0 1950000 2878 2871 1451 2879 2884 2867 2880 2865 3803402 3798263 3791351 3792404 3796998 3801136 3799846 3802745 
0 1960000 2875 2869 1451 2880 2883 2867 2881 2866 3803418 3798240 3791321 3792388 3796987 3801093 3799855 3802684 
0 1970000 2875 2870 1450 2879 2883 2866 2880 2865 3803409 3798290 3791346 3792326 3797011 3801092 3799889 3802713 
0 1980000 2876 2870 1452 2879 2884 2865 2879 2865 3803381 3798252 3791337 3792407 3797013 3801171 3799940 3802656 
0 1990000 2875 2869 1449 2879 2884 2866 2880 2865 3803472 3798296 3791367 3792557 3797083 3801269 3800021 3802830 
0 2000000 2876 2870 1451 2879 2884 2865 2878 2865 3803159 3798063 3791335 3792332 3796949 3801206 3799766 3802519 
0 2010000 2877 2868 1452 2880 2884 2866 2880 2865 3803231 3798125 3791324 3792259 3796915 3801074 3799774 3802601 
0 2020000 2876 2870 1451 2878 2885 2865 2880 2865 3803228 3798108 3791321 3792177 3796863 3800934 3799692 3802534 
0 2030000 2876 2870 1451 2878 2883 2866 2878 2865 3802958 3797956 3791263 3792160 3796823 3800894 3799437 3802420 
0 2040000 2879 2870 1451 2880 2882 2865 2880 2866 3803010 3798023 3791209 3792240 3796767 3800940 3799505 3802460 
0 2050000 2875 2870 1453 2879 2883 2866 2879 2865 3803114 3798038 3791191 3792255 3796779 3801014 3799561 3802505 
0 2060000 2877 2870 1450 2878 2884 2866 2880 2865 3803151 3798084 3791249 3792298 3796834 3801028 3799493 3802579 
0 2070000 2876 2869 1452 2878 2884 2867 2879 2865 3803066 3797965 3791243 3792270 3796809 3800993 3799647 3802653 
0 2080000 2877 2870 1451 2879 2883 2866 2880 2866 3803092 3797992 3791227 3792150 3796798 3800893 3799697 3802670 
0 2090000 2876 2870 1458 2879 2883 2866 2880 2866 3802917 3797896 3791170 3791978 3796753 3800758 3799477 3802447 
0 2100000 2877 2870 1451 2879 2881 2867 2880 2864 3803019 3797956 3791136 3792013 3796729 3800742 3799580 3802446 
0 2110000 2877 2870 1452 2879 2883 2868 2878 2865 3803071 3797944 3791165 3792019 3796804 3800758 3799675 3802515 
0 2120000 2877 2869 1453 2879 2885 2866 2879 2865 3803228 3798135 3791331 3792487 3797047 3801226 3799974 3802763 
0 2130000 2875 2868 1450 2878 2884 2866 2880 2866 3803372 3798220 3791473 3792475 3797059 3801304 3799990 3802986 
0 2140000 2877 2869 1452 2877 2882 2866 2879 2866 3803334 3798260 3791444 3792463 3797142 3801258 3799944 3802816 
0 2150000 2875 2876 1453 2881 2883 2866 2879 2866 3803372 3798261 3791426 3792484 3797120 3801355 3799962 3802798 
0 2160000 2875 2870 1451 2879 2883 2866 2879 2865 3803384 3798272 3791446 3792676 3797183 3801524 3800102 3803011 
0 2170000 2878 2869 1454 2878 2884 2867 2880 2864 3803517 3798381 3791496 3792660 3797192 3801488 3800070 3802948 
0 2180000 2877 2871 1448 2879 2883 2866 2880 2865 3803583 3798413 3791522 3792625 3797224 3801445 3800137 3802982 
0 2190000 2877 2871 1451 2880 2883 2867 2879 2865 3803617 3798466 3791554 3792698 3797249 3801409 3800208 3802948 
0 2200000 2876 2869 1451 2881 2885 2866 2881 2866 3803481 3798487 3791579 3792697 3797257 3801450 3800089 3802971 
0 2210000 2876 2868 1452 2879 2883 2867 2879 2866 3803385 3798314 3791512 3792619 3797178 3801321 3799883 3802883 
0 2220000 2877 2870 1452 2879 2884 2866 2880 2866 3803409 3798276 3791511 3792561 3797076 3801282 3799902 3802895 
0 2230000 2875 2870 1451 2880 2884 2867 2880 2866 3803369 3798277 3791461 3792549 3797071 3801270 3799716 3802858 
0 2240000 2876 2869 1450 2878 2884 2867 2880 2865 3803294 3798199 3791453 3792562 3797066 3801289 3799771 3802831 
0 2250000 2875 2872 1451 2880 2883 2868 2880 2865 3803291 3798176 3791417 3792416 3797029 3801221 3799818 3802804 
0 2260000 2876 2870 1452 2880 2883 2866 2879 2866 3803285 3798196 3791379 3792450 3796991 3801223 3799696 3802756 
0 2270000 2877 2876 1450 2879 2882 2866 2883 2865 3803178 3798182 3791369 3792479 3796974 3801269 3799610 3802755 
0 2280000 2876 2870 1451 2880 2882 2866 2879 2865 3803162 3798109 3791324 3792458 3796951 3801231 3799598 3802681 
0 2290000 2875 2871 1452 2879 2884 2866 2880 2866 3803185 3798090 3791285 3792422 3796925 3801192 3799644 3802736 
0 2300000 2873 2868 1452 2879 2884 2866 2879 2865 3803185 3798070 3791279 3792348 3796867 3801136 3799501 3802623 
0 2310000 2876 2870 1450 2878 2884 2866 2879 2864 3803035 3797957 3791231 3792342 3796830 3801119 3799482 3802579 
0 2320000 2874 2869 1452 2880 2882 2867 2879 2866 3802972 3797908 3791206 3792281 3796804 3801015 3799412 3802526 
0 2330000 2875 2871 1451 2877 2884 2867 2879 2865 3802921 3797881 3791137 3792212 3796660 3801003 3799234 3802428 
0 2340000 2875 2870 1451 2878 2883 2866 2880 2865 3802616 3797697 3791075 3792027 3796514 3800946 3799137 3802368 
0 3250000 2878 2870 1452 2880 2885 2868 2882 2867 3824184 3818745 3812984 3815048 3820653 3826003 3826962 3827800 
0 3260000 2877 2872 1454 2881 2882 2870 2879 2866 3823925 3818490 3812421 3814584 3820403 3825735 3826703 3827550 
0 3270000 2877 2870 1450 2880 2883 2870 2880 2867 3823622 3818180 3812199 3814367 3820034 3825298 3826488 3827334 
0 3280000 2877 2869 1451 2881 2882 2869 2881 2866 3823601 3818310 3812103 3814225 3819816 3825116 3826077 3826931 
0 3290000 2877 2870 1453 2877 2884 2869 2881 2866 3823656 3818418 3812117 3814180 3819752 3825060 3826036 3826879 
0 3300000 2877 2870 1451 2879 2883 2869 2879 2867 3823612 3818339 3812088 3813987 3819554 3824940 3825889 3826730 
0 3310000 2875 2870 1452 2878 2883 2868 2879 2865 3823469 3818079 3811950 3813870 3819438 3824710 3825589 3826644 
0 3320000 2878 2870 1451 2879 2884 2868 2881 2866 3823266 3817895 3811838 3813756 3819297 3824563 3825496 3826372 
0 3330000 2876 2869 1453 2880 2883 2869 2879 2865 3823117 3817743 3811645 3813515 3819189 3824486 3825365 3826263 
0 3340000 2875 2869 1452 2881 2885 2869 2881 2865 3822992 3817568 3811546 3813399 3818988 3824177 3825273 3826175 
0 3350000 2876 2869 1451 2879 2882 2868 2879 2866 3822658 3817354 3811352 3813241 3818796 3824028 3824944 3825841 
0 3360000 2877 2869 1451 2880 2882 2869 2879 2865 3822637 3817295 3811150 3813073 3818693 3823897 3824814 3825729 
0 3370000 2877 2873 1450 2879 2883 2869 2881 2865 3822473 3817122 3811079 3812894 3818392 3823776 3824689 3825557 
0 3380000 2876 2869 1451 2882 2884 2868 2879 2865 3822319 3816981 3810920 3812692 3818289 3823422 3824508 3825372 
0 3390000 2876 2872 1449 2879 2885 2869 2881 2864 3822319 3816981 3810920 3812692 3818289 3823422 3824508 3825372 
0 3400000 2876 2870 1452 2880 2882 2869 2879 2867 3822319 3816981 3810920 3812692 3818289 3823422 3824508 3825372 
0 3410000 2875 2870 1453 2879 2883 2868 2879 2865 3822319 3816981 3810920 3812692 3818289 3823422 3824508 3825372 
0 3420000 2878 2870 1455 2880 2883 2868 2879 2865 3822319 3816981 3810920 3812692 3818289 3823422 3824508 3825372 
0 3430000 2875 2870 1451 2879 2882 2870 2879 2864 3822319 3816981 3810920 3812692 3818289 3823422 3824508 3825372 
0 3440000 2876 2870 1448 2880 2881 2869 2882 2866 3822319 3816981 3810920 3812692 3818289 3823422 3824508 3825372 
0 3450000 2877 2870 1452 2879 2884 2868 2880 2865 3822319 3816981 3810920 3812692 3818289 3823422 3824508 3825372 
0 3460000 2876 2872 1452 2877 2882 2868 2880 2866 3822319 3816981 3810920 3812692 3818289 3823422 3824508 3825372 
0 3470000 2876 2870 1453 2880 2882 2869 2878 2866 3822319 3816981 3810920 3812692 3818289 3823422 3824508 3825372 
0 3480000 2877 2870 1451 2880 2882 2869 2879 2865 3822319 3816981 3810920 3812692 3818289 3823422 3824508 3825372 
0 3490000 2875 2872 1451 2878 2883 2868 2880 2865 3822319 3816981 3810920 3812692 3818289 3823422 3824508 3825372 
0 3500000 2874 2871 1451 2880 2883 2869 2879 2865 3822319 3816981 3810920 3812692 3818289 3823422 3824508 3825372 
0 3510000 2875 2868 1450 2878 2882 2868 2880 2865 3822319 3816981 3810920 3812692 3818289 3823422 3824508 3825372 
0 3520000 2873 2870 1452 2877 2884 2867 2878 2865 3822319 3816981 3810920 3812692 3818289 3823422 3824508 3825372 
0 3530000 2877 2870 1450 2876 2884 2867 2880 2865 3822319 3816981 3810920 3812692 3818289 3823422 3824508 3825372 
0 3540000 2876 2869 1453 2878 2881 2868 2879 2865 3822319 3816981 3810920 3812692 3818289 3823422 3824508 3825372 
0 3550000 2874 2869 1451 2879 2883 2867 2879 2865 3822319 3816981 3810920 3812692 3818289 3823422 3824508 3825372 
0 3560000 2874 2870 1452 2879 2882 2867 2880 2865 3822319 3816981 3810920 3812692 3818289 3823422 3824508 3825372 
0 3570000 2875 2870 1452 2879 2883 2868 2879 2864 3822319 3816981 3810920 3812692 3818289 3823422 3824508 3825372 
