M0 20000 2874 2867 1452 2878 2882 2865 2878 2863 3801607 3796753 3790629 3790143 3795389 3797673 3798517 3800498 
0 30000 2873 2868 1450 2878 2882 2865 2878 2863 3801632 3796731 3790642 3790245 3795511 3797726 3798561 3800552 
0 40000 2873 2868 1450 2877 2882 2867 2879 2863 3801618 3796731 3790667 3790247 3795540 3797795 3798647 3800575 
M0 60000 2871 2868 1450 2876 2880 2864 2877 2862 3801819 3796943 3790803 3790463 3795689 3797941 3798766 3800729 
0 70000 2872 2864 1450 2877 2881 2865 2877 2861 3801817 3796950 3790848 3790463 3795694 3797964 3798808 3800761 
0 80000 2873 2866 1451 2880 2882 2864 2876 2861 3801845 3796937 3790835 3790467 3795737 3798032 3798849 3800819 
0 90000 2872 2868 1449 2877 2880 2866 2877 2862 3801878 3796982 3790877 3790476 3795767 3798036 3798838 3800836 
0 100000 2874 2866 1451 2878 2881 2868 2877 2862 3801853 3796949 3790852 3790475 3795749 3797964 3798861 3800811 
0 110000 2872 2871 1450 2877 2881 2865 2878 2863 3801815 3796924 3790838 3790507 3795761 3798028 3798820 3800809 
0 120000 2874 2870 1451 2879 2882 2867 2877 2863 3801826 3796946 3790832 3790506 3795750 3797998 3798837 3800827 
0 130000 2871 2868 1451 2878 2881 2865 2876 2863 3801867 3796972 3790895 3790505 3795751 3798026 3798851 3800801 
0 140000 2874 2867 1450 2877 2881 2867 2881 2863 3801870 3797010 3790864 3790511 3795782 3798105 3798878 3800825 
0 150000 2872 2868 1451 2877 2881 2867 2877 2863 3801897 3796984 3790908 3790576 3795802 3798078 3798906 3800850 
0 160000 2873 2867 1448 2877 2884 2866 2877 2863 3801915 3796999 3790924 3790586 3795863 3798086 3798927 3800867 
0 170000 2873 2866 1451 2877 2881 2861 2876 2860 3801932 3797023 3790961 3790595 3795858 3798128 3798950 3800898 
0 180000 2875 2866 1450 2876 2880 2865 2876 2863 3801946 3797060 3790961 3790621 3795904 3798157 3798991 3800917 
0 190000 2875 2868 1449 2877 2882 2866 2878 2862 3801973 3797075 3790954 3790595 3795893 3798120 3798958 3800948 
0 200000 2872 2868 1451 2878 2881 2866 2878 2863 3801994 3797102 3790982 3790644 3795897 3798151 3798975 3800949 
0 210000 2873 2869 1451 2877 2881 2865 2876 2862 3801970 3797075 3791000 3790588 3795886 3798194 3799006 3800957 
0 220000 2872 2866 1448 2877 2882 2866 2878 2862 3801986 3797114 3790967 3790625 3795941 3798193 3798989 3801002 
0 230000 2873 2869 1450 2877 2880 2864 2878 2862 3802001 3797140 3791034 3790650 3795917 3798179 3799034 3800997 
0 240000 2873 2865 1451 2877 2880 2866 2877 2862 3802032 3797169 3791039 3790690 3795937 3798232 3799020 3800962 
0 250000 2872 2868 1449 2875 2880 2866 2880 2862 3801976 3797148 3790988 3790649 3795891 3798147 3798975 3800988 
0 260000 2873 2869 1449 2876 2879 2865 2876 2862 3801996 3797156 3790999 3790641 3795910 3798164 3799031 3800971 
0 270000 2874 2866 1451 2878 2880 2866 2877 2865 3802016 3797145 3791033 3790656 3795926 3798188 3799054 3800986 
0 280000 2872 2868 1452 2878 2882 2865 2876 2863 3802020 3797168 3791000 3790656 3795908 3798210 3799043 3800997 
0 290000 2871 2869 1451 2876 2882 2866 2878 2863 3802003 3797118 3791000 3790670 3795920 3798260 3799026 3801026 
0 300000 2873 2867 1451 2877 2880 2867 2878 2862 3802077 3797216 3791078 3790761 3795989 3798266 3799086 3801079 
0 310000 2873 2869 1450 2877 2881 2866 2877 2863 3802098 3797242 3791121 3790783 3796020 3798238 3799108 3801101 
0 320000 2872 2866 1449 2876 2879 2865 2878 2862 3802149 3797224 3791091 3790785 3796025 3798310 3799132 3801076 
0 330000 2874 2869 1450 2876 2881 2866 2876 2862 3802192 3797224 3791139 3790787 3796070 3798352 3799198 3801122 
0 340000 2874 2866 1450 2876 2881 2866 2877 2863 3802181 3797259 3791168 3790760 3796065 3798309 3799172 3801125 
0 350000 2872 2867 1449 2876 2879 2865 2876 2863 3802185 3797285 3791165 3790817 3796083 3798343 3799186 3801165 
0 360000 2873 2867 1449 2878 2880 2867 2877 2864 3802184 3797301 3791179 3790840 3796090 3798419 3799247 3801219 
0 370000 2873 2870 1448 2878 2879 2867 2877 2863 3802220 3797333 3791192 3790881 3796119 3798423 3799220 3801193 
0 380000 2873 2868 1451 2879 2883 2866 2878 2863 3802287 3797343 3791234 3790856 3796159 3798427 3799243 3801234 
0 390000 2872 2866 1449 2877 2881 2866 2877 2863 3802274 3797341 3791249 3790901 3796144 3798423 3799236 3801232 
0 400000 2874 2867 1449 2876 2881 2865 2878 2863 3802284 3797352 3791220 3790920 3796176 3798435 3799261 3801245 
0 410000 2873 2866 1451 2877 2881 2864 2877 2861 3802295 3797393 3791288 3790919 3796190 3798484 3799295 3801252 
0 420000 2873 2865 1449 2875 2879 2866 2876 2863 3802291 3797374 3791315 3790902 3796223 3798458 3799283 3801248 
0 430000 2874 2866 1450 2878 2881 2868 2876 2863 3802314 3797424 3791327 3790919 3796185 3798499 3799303 3801264 
0 440000 2873 2866 1450 2877 2881 2867 2877 2863 3802307 3797388 3791293 3790918 3796179 3798510 3799334 3801281 
0 450000 2871 2868 1451 2879 2880 2867 2877 2862 3802324 3797408 3791311 3790956 3796246 3798493 3799315 3801311 
0 460000 2872 2867 1450 2878 2879 2865 2877 2863 3802332 3797437 3791334 3790953 3796229 3798557 3799362 3801318 
0 470000 2873 2863 1450 2877 2881 2865 2877 2861 3802390 3797469 3791320 3790996 3796259 3798545 3799343 3801351 
0 480000 2874 2867 1452 2876 2882 2865 2877 2863 3802346 3797443 3791346 3790962 3796235 3798531 3799362 3801306 
0 490000 2871 2869 1450 2877 2880 2866 2877 2861 3802396 3797481 3791392 3791027 3796282 3798555 3799334 3801323 
0 500000 2870 2868 1448 2877 2882 2866 2878 2862 3802406 3797562 3791378 3791013 3796270 3798599 3799428 3801329 
0 510000 2873 2867 1449 2878 2879 2867 2878 2863 3802421 3797507 3791427 3791029 3796321 3798629 3799423 3801388 
0 520000 2871 2868 1449 2878 2882 2866 2877 2862 3802405 3797485 3791376 3791039 3796307 3798607 3799385 3801384 
0 530000 2872 2868 1451 2875 2881 2865 2878 2863 3802376 3797525 3791413 3791063 3796284 3798582 3799384 3801350 
0 540000 2874 2868 1452 2877 2881 2865 2876 2862 3802359 3797503 3791402 3791039 3796326 3798594 3799382 3801405 
0 550000 2873 2868 1450 2878 2881 2866 2879 2864 3802424 3797563 3791410 3791024 3796345 3798614 3799411 3801410 
0 560000 2873 2870 1451 2878 2882 2867 2877 2862 3802412 3797559 3791436 3791117 3796380 3798670 3799427 3801393 
0 570000 2873 2867 1450 2876 2880 2866 2876 2863 3802512 3797604 3791437 3791100 3796355 3798622 3799480 3801432 
0 580000 2875 2867 1449 2877 2885 2866 2877 2863 3802453 3797565 3791465 3791110 3796367 3798647 3799459 3801427 
0 590000 2874 2869 1450 2876 2880 2864 2877 2862 3802431 3797580 3791438 3791115 3796387 3798589 3799429 3801426 
0 600000 2872 2871 1450 2876 2879 2866 2877 2862 3802463 3797563 3791475 3791102 3796348 3798664 3799425 3801426 
0 610000 2873 2868 1451 2877 2880 2865 2876 2862 3802456 3797601 3791494 3791130 3796387 3798680 3799480 3801457 
0 620000 2872 2867 1453 2878 2884 2866 2878 2863 3802490 3797612 3791509 3791131 3796406 3798704 3799487 3801488 
0 630000 2873 2868 1450 2877 2882 2868 2877 2863 3802480 3797604 3791468 3791138 3796407 3798677 3799495 3801475 
0 640000 2873 2869 1450 2876 2881 2865 2877 2863 3802489 3797621 3791498 3791156 3796443 3798684 3799500 3801513 
0 650000 2872 2869 1449 2878 2880 2865 2876 2863 3802494 3797629 3791514 3791162 3796450 3798748 3799533 3801496 
0 660000 2875 2867 1450 2879 2881 2867 2877 2863 3802510 3797620 3791531 3791181 3796439 3798724 3799530 3801468 
0 670000 2872 2866 1449 2878 2880 2866 2877 2863 3802529 3797642 3791539 3791165 3796481 3798689 3799535 3801495 
0 680000 2873 2867 1451 2876 2879 2865 2877 2864 3802545 3797674 3791515 3791188 3796432 3798725 3799511 3801508 
0 690000 2873 2868 1449 2876 2880 2866 2878 2863 3802537 3797647 3791500 3791210 3796452 3798702 3799490 3801487 
0 700000 2875 2867 1451 2876 2881 2867 2878 2865 3802537 3797679 3791576 3791206 3796487 3798772 3799573 3801547 
0 710000 2872 2867 1448 2877 2882 2867 2879 2862 3802539 3797676 3791520 3791187 3796455 3798721 3799577 3801513 
0 720000 2874 2867 1448 2877 2880 2866 2876 2863 3802562 3797646 3791538 3791204 3796474 3798742 3799562 3801525 
0 730000 2874 2868 1450 2877 2881 2867 2878 2863 3802557 3797666 3791558 3791220 3796498 3798737 3799542 3801517 
0 740000 2873 2867 1450 2878 2881 2866 2877 2863 3802579 3797634 3791568 3791225 3796467 3798747 3799586 3801527 
0 750000 2874 2867 1451 2876 2882 2866 2877 2863 3802599 3797675 3791569 3791249 3796455 3798767 3799584 3801575 
0 760000 2872 2869 1451 2878 2882 2866 2877 2863 3802597 3797690 3791600 3791244 3796487 3798828 3799612 3801556 
0 770000 2873 2868 1450 2878 2882 2866 2876 2862 3802593 3797728 3791592 3791239 3796510 3798767 3799580 3801594 
0 780000 2873 2869 1450 2878 2882 2867 2878 2863 3802631 3797754 3791627 3791293 3796548 3798790 3799576 3801594 
0 790000 2874 2867 1450 2877 2879 2866 2877 2862 3802658 3797747 3791630 3791257 3796577 3798829 3799638 3801632 
0 800000 2873 2867 1453 2876 2880 2867 2878 2862 3802644 3797757 3791654 3791294 3796553 3798875 3799649 3801615 
0 810000 2874 2869 1450 2877 2882 2866 2878 2863 3802640 3797776 3791656 3791295 3796561 3798825 3799651 3801647 
0 820000 2873 2869 1450 2877 2880 2865 2878 2862 3802689 3797757 3791649 3791315 3796589 3798893 3799677 3801629 
0 830000 2873 2868 1450 2876 2881 2867 2877 2863 3802616 3797775 3791637 3791291 3796582 3798820 3799667 3801624 
0 840000 2874 2868 1452 2877 2881 2865 2877 2863 3802709 3797765 3791642 3791287 3796569 3798876 3799660 3801674 
0 850000 2874 2868 1451 2877 2881 2868 2877 2863 3802696 3797772 3791678 3791304 3796593 3798847 3799681 3801668 
0 860000 2872 2869 1449 2878 2880 2866 2876 2862 3802655 3797778 3791660 3791299 3796587 3798898 3799666 3801652 
0 870000 2872 2869 1452 2877 2883 2867 2876 2864 3802691 3797766 3791732 3791340 3796610 3798904 3799691 3801692 
0 880000 2873 2862 1450 2878 2879 2868 2878 2864 3802659 3797825 3791718 3791337 3796602 3798864 3799691 3801665 
0 890000 2873 2868 1449 2877 2882 2865 2877 2861 3802727 3797822 3791685 3791348 3796663 3798915 3799744 3801722 
0 900000 2870 2868 1450 2878 2880 2866 2876 2862 3802706 3797837 3791707 3791352 3796626 3798912 3799739 3801726 
0 910000 2871 2868 1450 2878 2881 2866 2877 2863 3802747 3797844 3791730 3791383 3796690 3798952 3799743 3801729 
0 920000 2873 2867 1452 2877 2882 2866 2877 2862 3802748 3797827 3791696 3791390 3796667 3798905 3799720 3801723 
0 930000 2874 2868 1448 2876 2881 2865 2876 2863 3802733 3797814 3791698 3791368 3796609 3798917 3799705 3801726 
0 940000 2873 2869 1450 2877 2882 2866 2877 2861 3802721 3797846 3791678 3791355 3796630 3798937 3799776 3801711 
0 950000 2871 2869 1449 2878 2883 2866 2878 2863 3802694 3797822 3791718 3791354 3796617 3798942 3799740 3801720 
0 960000 2876 2868 1451 2877 2881 2866 2877 2863 3802722 3797830 3791696 3791375 3796639 3798931 3799750 3801694 
0 970000 2872 2866 1450 2877 2881 2866 2877 2862 3802700 3797862 3791712 3791383 3796657 3798977 3799745 3801701 
0 980000 2875 2869 1449 2877 2879 2867 2877 2863 3802701 3797850 3791690 3791364 3796633 3798950 3799742 3801743 
0 990000 2875 2867 1450 2877 2883 2867 2878 2862 3802732 3797823 3791731 3791381 3796632 3798941 3799718 3801739 
0 1000000 2873 2867 1450 2877 2880 2866 2877 2862 3802717 3797795 3791687 3791379 3796634 3798919 3799749 3801711 
0 1010000 2871 2867 1452 2877 2882 2866 2878 2863 3802722 3797801 3791692 3791396 3796631 3798937 3799743 3801698 
0 1020000 2872 2868 1451 2878 2880 2866 2882 2864 3802678 3797808 3791683 3791366 3796638 3798927 3799743 3801711 
0 1030000 2875 2866 1451 2876 2881 2866 2877 2862 3802711 3797858 3791690 3791336 3796643 3798916 3799763 3801738 
0 1040000 2873 2869 1450 2879 2881 2867 2877 2863 3802701 3797802 3791676 3791370 3796635 3798933 3799798 3801712 
0 1050000 2872 2868 1451 2878 2881 2866 2876 2864 3802696 3797816 3791714 3791395 3796654 3798939 3799750 3801769 
0 1060000 2875 2868 1450 2877 2884 2868 2879 2862 3802702 3797832 3791687 3791377 3796609 3798953 3799756 3801727 
0 1070000 2872 2868 1450 2879 2881 2867 2876 2863 3802682 3797780 3791677 3791363 3796616 3798952 3799748 3801700 
0 1080000 2873 2866 1452 2877 2881 2867 2878 2863 3802681 3797792 3791683 3791345 3796638 3798945 3799758 3801709 
0 1090000 2873 2868 1450 2877 2881 2864 2877 2864 3802709 3797810 3791659 3791360 3796641 3798964 3799770 3801695 
0 1100000 2871 2869 1449 2877 2880 2865 2876 2863 3802725 3797808 3791675 3791335 3796632 3798942 3799750 3801701 
0 1110000 2872 2868 1448 2878 2880 2866 2875 2863 3802660 3797785 3791669 3791375 3796637 3798932 3799754 3801747 
0 1120000 2874 2870 1451 2879 2882 2867 2875 2863 3802653 3797833 3791645 3791360 3796623 3798918 3799771 3801724 
0 1130000 2872 2871 1450 2877 2881 2867 2878 2862 3802666 3797789 3791642 3791323 3796635 3798945 3799756 3801693 
0 1140000 2874 2868 1449 2878 2880 2869 2878 2863 3802666 3797764 3791634 3791341 3796603 3798927 3799729 3801683 
0 1150000 2873 2868 1452 2878 2881 2866 2878 2862 3802666 3797793 3791595 3791340 3796644 3798951 3799753 3801680 
0 1160000 2873 2869 1452 2879 2877 2865 2878 2866 3802686 3797778 3791649 3791347 3796641 3798924 3799779 3801699 
0 1170000 2875 2867 1450 2876 2882 2866 2877 2863 3802695 3797779 3791661 3791334 3796649 3798947 3799753 3801744 
0 1180000 2874 2867 1448 2878 2880 2867 2876 2863 3802645 3797783 3791657 3791333 3796625 3798933 3799785 3801719 
0 1190000 2873 2870 1448 2878 2878 2866 2875 2863 3802696 3797811 3791647 3791367 3796636 3798973 3799762 3801768 
0 1200000 2874 2867 1449 2877 2880 2867 2878 2864 3802689 3797791 3791649 3791333 3796654 3798926 3799789 3801746 
0 1210000 2873 2868 1449 2876 2878 2866 2876 2862 3802646 3797736 3791612 3791346 3796646 3798982 3799710 3801756 
0 1220000 2872 2868 1451 2876 2880 2866 2877 2863 3802662 3797809 3791657 3791346 3796637 3798972 3799781 3801774 
0 1230000 2872 2869 1449 2877 2883 2866 2878 2862 3802697 3797800 3791652 3791310 3796636 3798936 3799749 3801724 
0 1240000 2876 2868 1452 2876 2885 2866 2879 2863 3802688 3797818 3791683 3791384 3796645 3798912 3799794 3801728 
0 1250000 2872 2868 1449 2878 2879 2867 2876 2864 3802705 3797816 3791727 3791404 3796673 3799003 3799831 3801781 
0 1260000 2876 2868 1450 2877 2880 2867 2877 2864 3802704 3797825 3791650 3791358 3796666 3798998 3799839 3801764 
0 1270000 2873 2868 1449 2877 2884 2868 2878 2861 3802716 3797814 3791703 3791391 3796641 3798999 3799806 3801763 
0 1280000 2873 2866 1450 2877 2880 2867 2881 2864 3802706 3797788 3791736 3791388 3796653 3798968 3799808 3801755 
0 1290000 2872 2867 1449 2877 2882 2865 2878 2862 3802730 3797836 3791716 3791400 3796645 3799047 3799820 3801755 
0 1300000 2871 2871 1450 2878 2883 2867 2878 2862 3802718 3797867 3791704 3791420 3796682 3799050 3799834 3801810 
0 1310000 2874 2869 1450 2878 2883 2866 2877 2863 3802710 3797825 3791680 3791383 3796679 3799007 3799823 3801781 
0 1320000 2871 2868 1451 2877 2881 2865 2877 2863 3802703 3797855 3791684 3791392 3796661 3799007 3799835 3801794 
0 1330000 2873 2868 1451 2880 2882 2867 2877 2863 3802697 3797846 3791673 3791411 3796655 3799039 3799829 3801788 
0 1340000 2872 2868 1450 2877 2882 2868 2875 2864 3802721 3797852 3791726 3791404 3796685 3798998 3799849 3801777 
0 1350000 2871 2868 1449 2877 2880 2867 2876 2863 3802792 3797848 3791718 3791422 3796690 3799037 3799823 3801793 
0 1360000 2873 2867 1451 2877 2880 2866 2877 2863 3802720 3797834 3791714 3791414 3796699 3798998 3799825 3801813 
0 1370000 2871 2869 1449 2878 2885 2866 2878 2863 3802708 3797834 3791718 3791390 3796698 3799008 3799832 3801778 
0 1380000 2876 2868 1451 2876 2882 2866 2877 2863 3802719 3797822 3791673 3791412 3796682 3799018 3799837 3801772 
0 1390000 2874 2866 1450 2877 2882 2866 2878 2863 3802686 3797847 3791668 3791371 3796669 3799020 3799829 3801771 
0 1400000 2872 2867 1450 2878 2881 2867 2875 2863 3802710 3797852 3791651 3791403 3796668 3798981 3799837 3801766 
0 1410000 2876 2870 1451 2879 2881 2867 2877 2864 3802667 3797766 3791625 3791368 3796628 3798965 3799756 3801715 
0 1420000 2873 2868 1449 2879 2880 2868 2877 2863 3802693 3797805 3791654 3791429 3796608 3798982 3799812 3801752 
0 1430000 2871 2866 1451 2876 2882 2865 2877 2862 3802716 3797793 3791624 3791332 3796664 3798976 3799849 3801773 
0 1440000 2871 2868 1450 2878 2882 2867 2878 2863 3802705 3797768 3791678 3791348 3796660 3798996 3799838 3801780 
0 1450000 2874 2869 1450 2878 2883 2865 2877 2864 3802740 3797834 3791708 3791387 3796668 3799036 3799895 3801834 
0 1460000 2872 2868 1451 2878 2880 2866 2878 2863 3802748 3797867 3791708 3791460 3796741 3799077 3799858 3801811 
0 1470000 2871 2868 1450 2877 2881 2865 2878 2862 3802760 3797867 3791727 3791423 3796730 3799062 3799863 3801860 
0 1480000 2874 2867 1450 2877 2884 2867 2879 2863 3802768 3797879 3791728 3791439 3796711 3799034 3799926 3801855 
0 1490000 2871 2868 1450 2879 2881 2866 2878 2862 3802732 3797900 3791741 3791451 3796740 3799086 3799894 3801833 
0 1500000 2872 2868 1451 2876 2882 2866 2878 2863 3802741 3797848 3791773 3791448 3796754 3799087 3799923 3801863 
0 1510000 2873 2867 1451 2878 2881 2866 2877 2864 3802757 3797897 3791726 3791443 3796750 3799101 3799891 3801860 
0 1520000 2873 2869 1450 2877 2883 2864 2877 2861 3802818 3797917 3791770 3791454 3796756 3799051 3799914 3801878 
0 1530000 2873 2868 1450 2877 2881 2865 2876 2862 3802803 3797893 3791754 3791472 3796792 3799106 3799939 3801857 
0 1540000 2874 2866 1449 2875 2881 2866 2877 2863 3802780 3797919 3791739 3791496 3796749 3799134 3799904 3801878 
0 1550000 2873 2869 1449 2875 2882 2865 2878 2864 3802750 3797888 3791730 3791468 3796769 3799104 3799943 3801844 
0 1560000 2874 2867 1451 2878 2881 2867 2878 2863 3802776 3797900 3791743 3791480 3796768 3799109 3799935 3801891 
0 1570000 2871 2866 1453 2877 2883 2865 2878 2862 3802799 3797884 3791766 3791505 3796767 3799113 3799916 3801879 
0 1580000 2872 2867 1451 2879 2880 2867 2877 2864 3802779 3797897 3791747 3791466 3796783 3799087 3799952 3801904 
0 1590000 2875 2868 1452 2877 2885 2867 2878 2863 3802800 3797888 3791755 3791485 3796740 3799105 3799944 3801878 
0 1600000 2872 2869 1450 2878 2879 2866 2876 2862 3802816 3797916 3791769 3791457 3796774 3799126 3799966 3801884 
0 1610000 2874 2867 1451 2876 2881 2865 2876 2862 3802798 3797893 3791747 3791470 3796752 3799101 3799950 3801888 
0 1620000 2872 2868 1449 2877 2883 2866 2878 2863 3802792 3797884 3791747 3791454 3796739 3799114 3799983 3801900 
0 1630000 2871 2867 1451 2878 2882 2866 2877 2863 3802758 3797884 3791711 3791456 3796785 3799118 3799959 3801872 
0 1640000 2874 2867 1452 2876 2882 2866 2878 2863 3802795 3797891 3791745 3791485 3796767 3799132 3799927 3801869 
0 1650000 2871 2867 1449 2878 2882 2867 2877 2864 3802768 3797917 3791745 3791509 3796768 3799093 3799914 3801868 
0 1660000 2873 2869 1449 2878 2881 2866 2877 2863 3802818 3797907 3791763 3791504 3796758 3799121 3799942 3801921 
0 1670000 2874 2866 1450 2878 2882 2868 2878 2861 3802781 3797901 3791759 3791504 3796791 3799117 3799945 3801879 
0 1680000 2874 2866 1451 2877 2880 2866 2878 2862 3802784 3797879 3791760 3791475 3796742 3799097 3799931 3801915 
0 1690000 2873 2871 1451 2878 2881 2866 2877 2863 3802796 3797882 3791749 3791472 3796720 3799133 3799935 3801890 
0 1700000 2874 2868 1451 2877 2881 2867 2878 2862 3802812 3797886 3791720 3791437 3796794 3799136 3799950 3801876 
0 1710000 2876 2867 1451 2878 2881 2867 2876 2863 3802762 3797874 3791756 3791434 3796735 3799109 3799928 3801887 
0 1720000 2873 2869 1452 2876 2881 2864 2877 2863 3802775 3797911 3791753 3791490 3796753 3799126 3799904 3801888 
0 1730000 2875 2868 1450 2878 2883 2867 2879 2863 3802784 3797889 3791727 3791459 3796751 3799128 3799950 3801860 
0 1740000 2874 2869 1449 2878 2880 2866 2877 2863 3802728 3797858 3791697 3791466 3796731 3799074 3799942 3801891 
0 1750000 2871 2868 1449 2877 2881 2866 2877 2861 3802758 3797915 3791758 3791476 3796740 3799120 3799888 3801875 
0 1760000 2874 2868 1450 2877 2880 2867 2877 2864 3802795 3797893 3791743 3791452 3796725 3799088 3799949 3801886 
0 1770000 2873 2867 1450 2878 2880 2863 2876 2862 3802763 3797903 3791751 3791514 3796778 3799114 3799943 3801910 
0 1780000 2874 2868 1451 2877 2880 2866 2878 2863 3802812 3797881 3791762 3791426 3796751 3799126 3799951 3801905 
0 1790000 2872 2867 1450 2877 2880 2865 2877 2863 3802791 3797920 3791793 3791475 3796783 3799171 3799969 3801908 
0 1800000 2874 2869 1449 2878 2883 2866 2878 2862 3802784 3797938 3791742 3791484 3796746 3799204 3799951 3801898 
0 1810000 2876 2870 1449 2877 2880 2867 2877 2863 3802770 3797969 3791760 3791506 3796794 3799144 3799927 3801937 
0 1820000 2873 2869 1451 2877 2880 2867 2880 2863 3802771 3797918 3791762 3791473 3796775 3799090 3799966 3801901 
0 1830000 2873 2868 1450 2877 2882 2866 2879 2863 3802791 3797918 3791698 3791480 3796774 3799159 3800004 3801890 
0 1840000 2872 2867 1450 2877 2881 2868 2876 2864 3802779 3797930 3791775 3791527 3796770 3799149 3799990 3801905 
0 1850000 2874 2870 1451 2879 2881 2865 2877 2863 3802794 3797933 3791778 3791477 3796786 3799133 3799979 3801951 
0 1860000 2871 2867 1450 2878 2880 2866 2876 2862 3802796 3797970 3791766 3791506 3796798 3799160 3799986 3801897 
0 1870000 2876 2868 1451 2877 2883 2866 2878 2864 3802831 3797941 3791762 3791496 3796819 3799177 3799971 3801964 
0 1880000 2874 2867 1450 2878 2881 2866 2879 2862 3802792 3797895 3791786 3791503 3796785 3799160 3799963 3801904 
0 1890000 2874 2868 1451 2877 2883 2864 2875 2862 3802797 3797927 3791774 3791487 3796764 3799152 3799972 3801902 
0 1900000 2873 2867 1450 2876 2883 2867 2878 2862 3802801 3797944 3791765 3791511 3796784 3799142 3799997 3801912 
0 1910000 2871 2869 1451 2879 2881 2867 2877 2862 3802831 3797944 3791763 3791523 3796835 3799180 3800017 3801977 
0 1920000 2873 2868 1447 2877 2883 2866 2878 2863 3802801 3797941 3791768 3791519 3796813 3799194 3800018 3801933 
0 1930000 2871 2868 1451 2878 2880 2867 2879 2863 3802822 3797946 3791783 3791535 3796829 3799184 3799994 3801966 
0 1940000 2874 2868 1450 2878 2883 2865 2878 2862 3802823 3797907 3791786 3791508 3796807 3799177 3800020 3801956 
0 1950000 2874 2868 1448 2874 2881 2866 2877 2863 3802842 3797945 3791759 3791520 3796840 3799149 3799975 3801973 
0 1960000 2872 2869 1449 2877 2879 2865 2876 2862 3802860 3797958 3791813 3791518 3796805 3799202 3800034 3801952 
0 1970000 2873 2867 1451 2877 2883 2866 2876 2862 3802814 3797979 3791777 3791494 3796838 3799200 3800005 3801957 
0 1980000 2875 2869 1449 2877 2881 2868 2877 2863 3802885 3797964 3791805 3791512 3796824 3799189 3799988 3801964 
0 1990000 2873 2870 1451 2878 2882 2866 2879 2865 3802841 3797986 3791825 3791585 3796861 3799236 3800032 3802001 
0 2000000 2873 2868 1450 2877 2881 2866 2878 2863 3802849 3797980 3791824 3791509 3796856 3799224 3800016 3801972 
0 2010000 2875 2866 1451 2877 2883 2867 2878 2863 3802837 3797975 3791814 3791553 3796856 3799184 3800019 3801961 
0 2020000 2874 2867 1451 2879 2882 2868 2879 2863 3802864 3798015 3791799 3791542 3796823 3799209 3800034 3801983 
0 2030000 2873 2867 1447 2877 2879 2866 2876 2863 3802855 3797947 3791801 3791519 3796872 3799232 3800077 3801993 
0 2040000 2872 2868 1449 2878 2882 2867 2878 2862 3802871 3798017 3791793 3791581 3796835 3799241 3800070 3802011 
0 2050000 2873 2866 1450 2878 2882 2866 2878 2863 3802889 3798009 3791860 3791563 3796863 3799256 3800083 3802022 
0 2060000 2874 2868 1450 2879 2880 2866 2878 2863 3802896 3797997 3791819 3791573 3796878 3799212 3800038 3802023 
0 2070000 2871 2869 1449 2878 2882 2867 2878 2862 3802903 3798042 3791852 3791573 3796858 3799269 3800077 3802000 
0 2080000 2875 2867 1450 2877 2883 2866 2877 2864 3802885 3798028 3791891 3791597 3796872 3799291 3800103 3802025 
0 2090000 2873 2866 1451 2877 2882 2869 2878 2863 3802870 3798047 3791841 3791592 3796875 3799285 3800093 3802051 
0 2100000 2873 2869 1450 2881 2882 2867 2875 2863 3802879 3798014 3791864 3791618 3796881 3799280 3800099 3801997 
0 2110000 2872 2867 1450 2877 2883 2866 2878 2862 3802904 3798022 3791828 3791584 3796897 3799314 3800134 3801988 
0 2120000 2874 2868 1450 2877 2877 2866 2877 2863 3802895 3797993 3791819 3791565 3796896 3799238 3800106 3802002 
0 2130000 2873 2869 1450 2878 2880 2866 2878 2863 3802919 3798047 3791877 3791581 3796880 3799251 3800069 3802011 
0 2140000 2873 2868 1450 2877 2881 2865 2878 2864 3802894 3798025 3791856 3791606 3796881 3799283 3800079 3802051 
0 2150000 2872 2869 1449 2878 2882 2867 2878 2861 3802880 3798022 3791830 3791620 3796886 3799296 3800077 3802025 
0 2160000 2874 2867 1451 2879 2880 2868 2878 2864 3802889 3798047 3791869 3791597 3796879 3799291 3800076 3802060 
0 2170000 2872 2869 1452 2878 2882 2867 2877 2863 3802880 3798024 3791862 3791581 3796879 3799266 3800100 3802038 
0 2180000 2875 2868 1450 2877 2881 2868 2877 2867 3802902 3798007 3791838 3791596 3796899 3799279 3800114 3802039 
0 2190000 2873 2868 1449 2879 2881 2867 2878 2863 3802895 3797979 3791851 3791617 3796890 3799277 3800091 3802023 
0 2200000 2872 2868 1452 2877 2880 2866 2878 2863 3802895 3798042 3791875 3791589 3796890 3799268 3800098 3802021 
0 2210000 2872 2868 1449 2877 2881 2866 2877 2863 3802909 3797991 3791842 3791598 3796917 3799247 3800041 3802050 
0 2220000 2874 2869 1450 2877 2880 2865 2877 2863 3802890 3798001 3791859 3791602 3796907 3799270 3800105 3802045 
0 2230000 2873 2868 1451 2878 2880 2865 2878 2863 3802935 3798004 3791844 3791593 3796906 3799311 3800118 3802037 
0 2240000 2874 2869 1448 2879 2880 2868 2877 2863 3802910 3798044 3791878 3791612 3796920 3799293 3800110 3802042 
0 2250000 2874 2870 1449 2877 2881 2866 2878 2864 3802911 3798019 3791822 3791586 3796859 3799274 3800088 3802025 
0 2260000 2874 2868 1451 2877 2883 2866 2878 2862 3802898 3797989 3791846 3791548 3796916 3799258 3800106 3802029 
0 2270000 2873 2868 1451 2877 2882 2864 2878 2863 3802893 3798002 3791838 3791605 3796935 3799270 3800139 3802049 
0 2280000 2873 2868 1451 2877 2881 2866 2878 2864 3802879 3798004 3791842 3791606 3796889 3799255 3800111 3802043 
0 2290000 2873 2869 1450 2877 2881 2866 2877 2862 3802857 3797976 3791851 3791592 3796869 3799259 3800094 3802019 
0 2300000 2874 2865 1451 2878 2881 2867 2878 2863 3802891 3798001 3791840 3791567 3796922 3799260 3800090 3802056 
0 2310000 2873 2869 1448 2877 2879 2866 2877 2863 3802902 3798055 3791824 3791578 3796937 3799287 3800102 3802042 
0 2320000 2874 2866 1450 2877 2883 2866 2877 2863 3802885 3798011 3791822 3791626 3796871 3799262 3800101 3802033 
0 2330000 2874 2867 1449 2877 2880 2867 2877 2862 3802873 3797983 3791834 3791596 3796886 3799228 3800072 3802041 
0 2340000 2873 2869 1452 2879 2881 2867 2877 2863 3802928 3797998 3791824 3791594 3796891 3799284 3800077 3802023 
0 2350000 2872 2868 1452 2878 2880 2868 2877 2864 3802906 3798019 3791832 3791554 3796877 3799251 3800104 3802018 
0 2360000 2875 2868 1450 2877 2883 2865 2879 2862 3802901 3797996 3791841 3791586 3796894 3799274 3800118 3802046 
0 2370000 2875 2867 1450 2875 2881 2867 2877 2864 3802903 3798009 3791788 3791581 3796867 3799287 3800088 3802034 
0 2380000 2872 2868 1450 2878 2882 2867 2877 2863 3802897 3798015 3791851 3791612 3796884 3799255 3800078 3802023 
0 2390000 2873 2869 1449 2877 2882 2868 2877 2863 3802891 3798020 3791832 3791598 3796866 3799265 3800083 3802024 
0 2400000 2872 2867 1450 2878 2881 2866 2877 2863 3802891 3797982 3791839 3791601 3796902 3799269 3800087 3802043 
0 2410000 2873 2868 1451 2877 2878 2866 2877 2862 3802887 3798002 3791853 3791589 3796914 3799288 3800129 3802056 
0 2420000 2872 2871 1448 2878 2883 2868 2879 2863 3802910 3798005 3791842 3791610 3796889 3799295 3800143 3802065 
0 2430000 2874 2869 1452 2878 2881 2867 2878 2863 3802872 3798019 3791856 3791589 3796875 3799277 3800114 3802073 
0 2440000 2874 2868 1449 2878 2881 2867 2877 2863 3802876 3798025 3791864 3791605 3796926 3799266 3800101 3802025 
0 2450000 2874 2869 1452 2877 2878 2866 2878 2863 3802858 3798013 3791831 3791610 3796879 3799277 3800130 3802043 
0 2460000 2874 2868 1449 2877 2881 2866 2877 2864 3802923 3798012 3791849 3791587 3796911 3799266 3800111 3802051 
0 2470000 2873 2867 1451 2875 2881 2866 2878 2863 3802878 3798010 3791872 3791596 3796897 3799288 3800138 3802041 
0 2480000 2874 2867 1452 2877 2882 2866 2877 2863 3802902 3798053 3791885 3791584 3796900 3799326 3800116 3802079 
0 2490000 2871 2868 1448 2878 2885 2866 2877 2863 3802900 3797997 3791875 3791609 3796911 3799326 3800121 3802080 
0 2500000 2876 2867 1451 2876 2882 2865 2878 2864 3802885 3798063 3791874 3791613 3796906 3799295 3800117 3802028 
0 2510000 2874 2869 1449 2878 2879 2867 2877 2863 3802905 3798016 3791855 3791614 3796902 3799318 3800112 3802018 
0 2520000 2875 2868 1449 2878 2881 2867 2879 2863 3802872 3797987 3791868 3791573 3796890 3799268 3800102 3802030 
0 2530000 2873 2870 1451 2875 2882 2867 2878 2863 3802897 3797982 3791828 3791572 3796909 3799226 3800107 3802050 
0 2540000 2873 2867 1448 2876 2880 2867 2877 2863 3802908 3798022 3791860 3791583 3796934 3799285 3800116 3802049 
0 2550000 2873 2867 1451 2878 2882 2867 2878 2864 3802938 3797982 3791856 3791606 3796883 3799289 3800140 3802047 
0 2560000 2874 2870 1450 2878 2882 2865 2878 2863 3802979 3798058 3791889 3791642 3796948 3799317 3800150 3802069 
0 2570000 2873 2869 1452 2877 2882 2864 2877 2862 3802947 3798066 3791879 3791628 3796938 3799356 3800177 3802101 
0 2580000 2874 2868 1450 2877 2881 2868 2877 2864 3802928 3798074 3791880 3791648 3796959 3799310 3800179 3802141 
0 2590000 2874 2869 1449 2877 2877 2868 2876 2864 3802978 3798058 3791927 3791637 3796998 3799354 3800222 3802103 
0 2600000 2874 2869 1451 2879 2883 2868 2876 2862 3803031 3798108 3791918 3791665 3796984 3799390 3800264 3802132 
0 2610000 2873 2867 1451 2877 2880 2868 2879 2863 3802986 3798129 3791947 3791707 3796997 3799395 3800236 3802127 
0 2620000 2874 2863 1448 2878 2882 2866 2878 2863 3803023 3798140 3791973 3791720 3797010 3799380 3800235 3802159 
0 2630000 2873 2868 1452 2878 2881 2866 2878 2864 3803053 3798156 3792015 3791716 3797065 3799394 3800266 3802198 
0 2640000 2873 2869 1450 2877 2881 2866 2877 2862 3803035 3798190 3792018 3791788 3797086 3799416 3800295 3802213 
0 2650000 2872 2867 1450 2878 2882 2866 2878 2863 3803105 3798181 3792059 3791775 3797090 3799441 3800315 3802232 
0 2660000 2875 2870 1451 2878 2883 2865 2876 2863 3803141 3798237 3792031 3791827 3797152 3799518 3800329 3802260 
0 2670000 2872 2869 1450 2878 2883 2869 2879 2863 3803142 3798263 3792114 3791818 3797132 3799453 3800330 3802233 
0 2680000 2872 2869 1450 2877 2881 2867 2878 2863 3803161 3798300 3792107 3791862 3797162 3799496 3800334 3802290 
0 2690000 2873 2868 1452 2877 2879 2866 2876 2863 3803141 3798319 3792115 3791870 3797136 3799497 3800325 3802252 
0 2700000 2875 2869 1450 2877 2881 2866 2878 2864 3803194 3798301 3792124 3791845 3797166 3799515 3800376 3802288 
0 2710000 2874 2869 1451 2878 2881 2866 2877 2863 3803193 3798304 3792134 3791878 3797187 3799524 3800407 3802272 
0 2720000 2873 2867 1450 2877 2881 2867 2877 2863 3803195 3798354 3792151 3791912 3797213 3799519 3800409 3802300 
0 2730000 2875 2868 1451 2878 2883 2866 2876 2863 3803230 3798361 3792222 3791929 3797218 3799580 3800463 3802350 
0 2740000 2874 2870 1449 2875 2881 2867 2877 2864 3803266 3798431 3792207 3791940 3797236 3799607 3800452 3802327 
0 2750000 2874 2867 1451 2877 2881 2867 2879 2863 3803270 3798391 3792227 3791952 3797299 3799594 3800458 3802363 
0 2760000 2874 2867 1449 2878 2881 2867 2878 2864 3803266 3798444 3792233 3791985 3797273 3799644 3800460 3802424 
0 2770000 2872 2868 1451 2879 2880 2870 2878 2864 3803277 3798454 3792269 3791986 3797307 3799603 3800454 3802406 
0 2780000 2876 2869 1455 2878 2882 2866 2878 2863 3803346 3798472 3792287 3792022 3797317 3799632 3800498 3802390 
0 2790000 2875 2868 1449 2878 2880 2868 2877 2864 3803292 3798464 3792259 3791970 3797242 3799598 3800488 3802378 
0 2800000 2873 2867 1449 2878 2882 2866 2879 2862 3803364 3798466 3792327 3792007 3797337 3799632 3800498 3802435 
0 2810000 2872 2869 1451 2876 2882 2866 2879 2862 3803340 3798455 3792342 3792023 3797355 3799650 3800471 3802399 
0 2820000 2874 2868 1449 2877 2881 2866 2878 2864 3803351 3798481 3792300 3792045 3797335 3799632 3800490 3802440 
0 2830000 2872 2867 1451 2877 2881 2866 2876 2863 3803355 3798473 3792325 3792042 3797369 3799697 3800514 3802418 
0 2840000 2873 2869 1451 2878 2882 2869 2878 2864 3803371 3798549 3792340 3792070 3797361 3799672 3800512 3802427 
0 2850000 2876 2868 1450 2877 2883 2866 2878 2863 3803416 3798516 3792367 3792071 3797393 3799686 3800542 3802468 
0 2860000 2874 2869 1449 2878 2878 2867 2878 2864 3803396 3798549 3792400 3792121 3797406 3799725 3800556 3802479 
0 2870000 2874 2867 1450 2877 2880 2867 2877 2862 3803398 3798536 3792407 3792109 3797437 3799709 3800521 3802465 
0 2880000 2874 2868 1450 2876 2882 2867 2880 2864 3803435 3798532 3792401 3792129 3797416 3799724 3800573 3802511 
0 2890000 2875 2868 1449 2879 2881 2867 2878 2862 3803414 3798523 3792440 3792103 3797398 3799728 3800588 3802469 
0 2900000 2874 2867 1451 2876 2881 2865 2877 2863 3803446 3798514 3792440 3792164 3797422 3799736 3800613 3802504 
0 2910000 2874 2870 1450 2878 2882 2866 2879 2864 3803439 3798539 3792433 3792131 3797418 3799735 3800599 3802513 
0 2920000 2875 2868 1450 2879 2884 2865 2878 2864 3803458 3798571 3792443 3792158 3797434 3799739 3800567 3802484 
0 2930000 2874 2868 1448 2879 2881 2868 2877 2864 3803493 3798606 3792443 3792146 3797442 3799768 3800581 3802530 
0 2940000 2874 2869 1451 2877 2882 2864 2877 2862 3803497 3798603 3792451 3792147 3797425 3799767 3800624 3802546 
0 2950000 2873 2871 1447 2879 2878 2866 2878 2863 3803510 3798578 3792434 3792170 3797485 3799771 3800604 3802549 
0 2960000 2873 2870 1450 2879 2880 2868 2877 2863 3803516 3798576 3792480 3792177 3797471 3799772 3800612 3802538 
0 2970000 2872 2868 1449 2878 2882 2865 2878 2863 3803473 3798586 3792466 3792165 3797469 3799773 3800578 3802552 
0 2980000 2874 2870 1453 2878 2886 2867 2878 2865 3803423 3798554 3792469 3792151 3797408 3799720 3800587 3802518 
0 2990000 2875 2868 1450 2877 2881 2866 2878 2864 3803493 3798603 3792493 3792144 3797501 3799735 3800608 3802501 
