0 140000 2871 2865 1450 2873 2878 2863 2875 2861 3795520 3790538 3784596 3784886 3790084 3793686 3794314 3796070 
0 150000 2871 2863 1450 2874 2877 2862 2874 2859 3795607 3790580 3784572 3784883 3790117 3793721 3794305 3796037 
0 160000 2872 2866 1451 2875 2880 2863 2874 2860 3795653 3790665 3784664 3784910 3790126 3793707 3794294 3796043 
0 170000 2871 2866 1451 2873 2878 2862 2875 2860 3795717 3790691 3784667 3784901 3790199 3793733 3794337 3796043 
0 180000 2872 2864 1448 2875 2881 2863 2874 2861 3795765 3790748 3784725 3784960 3790207 3793790 3794383 3796142 
0 190000 2872 2864 1448 2875 2878 2864 2874 2861 3795818 3790828 3784825 3785013 3790246 3793802 3794376 3796096 
0 200000 2872 2866 1452 2874 2877 2861 2874 2860 3795935 3790899 3784872 3785034 3790250 3793832 3794460 3796117 
0 210000 2870 2865 1449 2874 2878 2863 2875 2859 3795925 3790907 3784868 3785021 3790271 3793827 3794461 3796211 
0 220000 2871 2866 1446 2874 2876 2864 2875 2861 3795939 3790907 3784903 3785116 3790279 3793866 3794462 3796199 
0 230000 2869 2866 1451 2876 2877 2863 2875 2861 3795889 3790834 3784815 3784993 3790334 3793843 3794443 3796155 
0 240000 2870 2865 1451 2874 2878 2863 2876 2861 3795881 3790774 3784851 3785035 3790209 3793796 3794416 3796163 
0 250000 2872 2866 1447 2874 2876 2862 2874 2861 3795732 3790713 3784765 3785020 3790203 3793755 3794368 3796118 
0 260000 2872 2867 1460 2875 2878 2863 2875 2860 3795677 3790647 3784728 3784984 3790159 3793707 3794357 3796103 
0 270000 2869 2863 1450 2875 2877 2863 2873 2860 3795699 3790608 3784664 3784867 3790106 3793655 3794265 3796008 
0 280000 2871 2863 1451 2873 2878 2864 2874 2859 3795654 3790573 3784655 3784817 3790087 3793644 3794196 3795988 
0 290000 2872 2865 1449 2873 2876 2863 2872 2860 3795642 3790553 3784634 3784769 3790051 3793605 3794274 3795962 
0 300000 2871 2863 1451 2874 2878 2863 2873 2860 3795737 3790740 3784720 3784818 3790038 3793602 3794249 3795967 
0 310000 2871 2866 1451 2873 2878 2862 2875 2860 3795806 3790875 3784811 3784916 3790164 3793695 3794271 3796065 
0 320000 2869 2864 1451 2874 2878 2862 2874 2859 3795848 3790890 3784906 3784953 3790173 3793752 3794414 3796099 
0 330000 2871 2868 1451 2875 2878 2862 2875 2859 3796031 3791074 3784921 3785077 3790289 3793847 3794387 3796183 
0 340000 2871 2864 1449 2875 2877 2863 2874 2861 3796173 3791191 3785182 3785212 3790465 3793890 3794495 3796257 
0 350000 2874 2864 1450 2873 2878 2862 2875 2860 3796283 3791289 3785267 3785266 3790469 3793994 3794578 3796318 
0 360000 2872 2864 1450 2874 2877 2863 2875 2860 3796357 3791331 3785318 3785308 3790548 3794067 3794629 3796398 
0 370000 2872 2865 1449 2876 2879 2863 2874 2862 3796337 3791282 3785306 3785329 3790528 3794077 3794663 3796452 
0 380000 2870 2866 1448 2874 2880 2863 2876 2860 3796300 3791281 3785302 3785389 3790643 3794105 3794706 3796441 
0 390000 2871 2864 1450 2876 2879 2863 2874 2860 3796281 3791223 3785292 3785372 3790641 3794064 3794662 3796452 
0 400000 2869 2864 1450 2875 2880 2863 2876 2864 3796267 3791315 3785267 3785362 3790569 3794051 3794651 3796441 
0 410000 2872 2865 1448 2875 2878 2862 2874 2860 3796260 3791238 3785288 3785350 3790597 3794012 3794604 3796433 
0 420000 2872 2865 1452 2873 2878 2862 2875 2859 3796214 3791186 3785279 3785354 3790573 3794030 3794633 3796381 
0 430000 2871 2863 1448 2873 2877 2863 2876 2860 3796101 3791153 3785166 3785257 3790498 3793929 3794572 3796360 
0 440000 2871 2865 1453 2873 2880 2858 2873 2864 3796133 3791078 3785166 3785228 3790458 3793936 3794548 3796366 
0 450000 2870 2865 1447 2874 2879 2863 2874 2859 3796149 3791105 3785194 3785236 3790473 3793907 3794537 3796317 
0 460000 2874 2866 1450 2873 2878 2864 2874 2861 3796092 3791029 3785085 3785218 3790471 3793892 3794500 3796303 
0 470000 2871 2863 1454 2873 2880 2862 2873 2860 3796176 3791135 3785160 3785189 3790413 3793864 3794508 3796242 
0 480000 2871 2866 1450 2874 2877 2862 2876 2861 3796183 3791120 3785196 3785208 3790359 3793835 3794475 3796226 
0 490000 2870 2866 1450 2874 2878 2862 2874 2859 3796130 3791076 3785117 3785139 3790402 3793834 3794449 3796266 
0 500000 2871 2863 1449 2873 2877 2864 2875 2860 3796138 3791068 3785114 3785229 3790417 3793882 3794523 3796284 
0 510000 2869 2865 1450 2873 2878 2863 2875 2860 3796103 3791067 3785135 3785124 3790446 3793870 3794490 3796280 
0 520000 2871 2865 1450 2875 2877 2862 2874 2860 3796105 3791104 3785147 3785214 3790407 3793867 3794460 3796284 
0 530000 2871 2863 1449 2874 2879 2863 2875 2859 3796148 3791180 3785170 3785246 3790441 3793878 3794510 3796299 
0 540000 2871 2865 1450 2874 2877 2864 2876 2860 3796267 3791286 3785236 3785185 3790427 3793927 3794523 3796301 
0 550000 2870 2865 1451 2874 2878 2863 2874 2860 3796334 3791396 3785383 3785351 3790515 3793981 3794560 3796369 
0 560000 2871 2868 1450 2874 2880 2863 2875 2860 3796389 3791498 3785461 3785439 3790668 3794102 3794602 3796439 
0 570000 2874 2864 1451 2873 2878 2864 2875 2861 3796609 3791523 3785536 3785494 3790745 3794159 3794772 3796581 
0 580000 2870 2866 1451 2874 2878 2862 2874 2861 3796743 3791805 3785778 3785614 3790800 3794254 3794799 3796627 
0 590000 2871 2865 1451 2876 2879 2861 2875 2860 3796825 3791942 3785837 3785752 3790924 3794323 3794899 3796751 
0 600000 2870 2866 1452 2875 2877 2864 2873 2861 3796922 3791999 3785970 3785857 3791068 3794402 3795012 3796756 
0 610000 2871 2867 1448 2875 2877 2863 2874 2860 3796956 3791992 3785991 3785898 3791084 3794419 3795024 3796873 
0 620000 2871 2863 1451 2875 2878 2862 2873 2862 3796956 3791992 3785991 3785898 3791084 3794419 3795024 3796873 
0 630000 2874 2867 1451 2875 2877 2864 2875 2859 3796956 3791992 3785991 3785898 3791084 3794419 3795024 3796873 
0 640000 2873 2864 1449 2875 2877 2863 2876 2861 3796956 3791992 3785991 3785898 3791084 3794419 3795024 3796873 
0 650000 2871 2866 1450 2874 2878 2863 2875 2860 3796956 3791992 3785991 3785898 3791084 3794419 3795024 3796873 
0 660000 2875 2865 1450 2872 2879 2862 2874 2860 3796956 3791992 3785991 3785898 3791084 3794419 3795024 3796873 
0 670000 2870 2865 1449 2875 2878 2863 2875 2859 3796956 3791992 3785991 3785898 3791084 3794419 3795024 3796873 
0 680000 2873 2866 1449 2875 2878 2864 2875 2860 3796956 3791992 3785991 3785898 3791084 3794419 3795024 3796873 
0 690000 2871 2866 1447 2874 2877 2862 2875 2861 3796956 3791992 3785991 3785898 3791084 3794419 3795024 3796873 
0 700000 2871 2865 1450 2875 2877 2863 2875 2860 3796956 3791992 3785991 3785898 3791084 3794419 3795024 3796873 
0 710000 2872 2864 1448 2874 2877 2866 2875 2861 3796956 3791992 3785991 3785898 3791084 3794419 3795024 3796873 
0 720000 2869 2865 1453 2873 2879 2862 2873 2860 3796956 3791992 3785991 3785898 3791084 3794419 3795024 3796873 
0 730000 2870 2865 1449 2874 2879 2862 2874 2859 3796956 3791992 3785991 3785898 3791084 3794419 3795024 3796873 
0 740000 2870 2866 1450 2875 2878 2863 2874 2860 3796956 3791992 3785991 3785898 3791084 3794419 3795024 3796873 
0 750000 2871 2863 1451 2875 2877 2862 2875 2859 3796956 3791992 3785991 3785898 3791084 3794419 3795024 3796873 
0 760000 2870 2865 1451 2873 2878 2862 2873 2861 3796956 3791992 3785991 3785898 3791084 3794419 3795024 3796873 
0 770000 2869 2865 1451 2873 2877 2862 2874 2859 3796956 3791992 3785991 3785898 3791084 3794419 3795024 3796873 
0 780000 2870 2864 1449 2874 2877 2862 2875 2860 3796956 3791992 3785991 3785898 3791084 3794419 3795024 3796873 
i0 790000 2871 2867 1451 2874 2878 2863 2873 2859 3805095 3789939 3784096 3784495 3789724 3794419 3795024 1901874 

0 800000 2871 2863 1448 2872 2876 2861 2874 2859 3794914 3789842 3784037 3784347 3789648 3793098 3793762 3795552 
0 810000 2873 2865 1449 2873 2878 2864 2874 2861 3794635 3789532 3783876 3784219 3789472 3792962 3793629 3795414 
0 820000 2873 2864 1451 2874 2878 2863 2874 2861 3794516 3789380 3783595 3783977 3789386 3792930 3793527 3795309 
0 830000 2869 2865 1450 2877 2877 2863 2873 2860 3794395 3789327 3783511 3783941 3789136 3792637 3793398 3795170 
0 840000 2872 2865 1451 2873 2877 2861 2876 2860 3794121 3789159 3783307 3783741 3789010 3792540 3793168 3794963 
0 850000 2872 2863 1449 2873 2876 2862 2874 2860 3794002 3788838 3783029 3783558 3788896 3792451 3793072 3794814 
0 860000 2870 2862 1450 2874 2878 2862 2873 2858 3793874 3788696 3782947 3783386 3788624 3792323 3792923 3794697 
0 870000 2869 2863 1449 2873 2877 2863 2874 2860 3793682 3788671 3782863 3783278 3788600 3792175 3792859 3794629 
0 880000 2871 2866 1449 2873 2876 2862 2873 2860 3793596 3788530 3782756 3783182 3788453 3792145 3792688 3794449 
0 890000 2870 2865 1451 2873 2877 2861 2874 2859 3793541 3788501 3782589 3783041 3788382 3792041 3792694 3794370 
0 900000 2871 2863 1450 2874 2876 2861 2874 2860 3793550 3788533 3782565 3782992 3788255 3791973 3792616 3794391 
0 910000 2870 2862 1450 2873 2878 2861 2874 2859 3793509 3788495 3782559 3782927 3788207 3791886 3792533 3794217 
0 920000 2871 2866 1448 2874 2876 2867 2875 2859 3793403 3788407 3782505 3782917 3788129 3791888 3792491 3794184 
0 930000 2869 2864 1449 2873 2877 2861 2874 2859 3793388 3788342 3782428 3782788 3788041 3791851 3792492 3794169 
0 940000 2871 2865 1450 2873 2877 2862 2874 2859 3793367 3788294 3782372 3782770 3788040 3791720 3792387 3794135 
0 950000 2870 2866 1448 2874 2875 2862 2873 2859 3793253 3788263 3782325 3782695 3787983 3791722 3792290 3794047 
0 960000 2870 2865 1451 2874 2878 2862 2873 2859 3793211 3788192 3782257 3782640 3787896 3791629 3792341 3793990 
0 970000 2868 2862 1449 2874 2877 2863 2874 2860 3793209 3788203 3782288 3782567 3787846 3791620 3792276 3793960 
0 980000 2870 2865 1451 2872 2877 2863 2875 2859 3793192 3788167 3782233 3782584 3787862 3791567 3792226 3793918 
0 990000 2870 2864 1450 2873 2874 2863 2873 2860 3793118 3788077 3782161 3782603 3787880 3791583 3792215 3793901 
0 1000000 2869 2867 1451 2874 2877 2861 2874 2859 3793083 3787977 3782131 3782500 3787746 3791587 3792192 3793893 
0 1010000 2868 2862 1448 2874 2878 2862 2874 2859 3793037 3787950 3781985 3782414 3787682 3791363 3792059 3793773 
0 1020000 2870 2863 1450 2873 2876 2863 2873 2857 3792789 3787848 3781915 3782329 3787576 3791278 3791959 3793594 
0 1030000 2871 2865 1451 2873 2877 2862 2873 2860 3792751 3787645 3781769 3782178 3787504 3791248 3791851 3793592 
0 1040000 2913 2864 1449 2875 2878 2862 2875 2860 3792658 3787601 3781757 3782164 3787419 3791170 3791873 3793538 
0 1050000 2869 2866 1450 2874 2876 2862 2873 2861 3792613 3787470 3781601 3782057 3787340 3791116 3791762 3793402 
0 1060000 2872 2865 1449 2874 2876 2862 2875 2859 3792459 3787366 3781588 3782012 3787282 3791056 3791688 3793353 
0 1070000 2871 2864 1450 2874 2877 2862 2873 2859 3792444 3787346 3781510 3781928 3787219 3791031 3791624 3793334 
0 1080000 2870 2865 1448 2873 2877 2861 2874 2858 3792423 3787404 3781406 3781863 3787192 3790905 3791593 3793280 
0 1090000 2872 2865 1451 2872 2876 2862 2872 2860 3792373 3787370 3781441 3781785 3787062 3790895 3791515 3793176 
0 1100000 2872 2866 1450 2873 2876 2862 2873 2860 3792441 3787472 3781422 3781832 3787093 3790877 3791473 3793130 
0 1110000 2871 2864 1449 2872 2877 2861 2875 2859 3792670 3787829 3781665 3781988 3787235 3791007 3791501 3793175 
0 1120000 2870 2863 1454 2873 2876 2861 2874 2860 3792970 3788184 3781947 3782124 3787340 3791113 3791746 3793377 
0 1130000 2871 2865 1449 2874 2878 2862 2871 2860 3793204 3788100 3782082 3782247 3787515 3791243 3791827 3793494 
0 1140000 2870 2866 1451 2873 2878 2860 2873 2859 3793186 3788077 3782152 3782304 3787646 3791272 3791814 3793559 
0 1150000 2868 2863 1448 2875 2877 2863 2874 2859 3793148 3788141 3782172 3782325 3787550 3791199 3791852 3793568 
0 1160000 2871 2865 1452 2874 2875 2861 2872 2860 3793204 3788226 3782131 3782310 3787607 3791252 3791888 3793556 
0 1170000 2869 2863 1451 2873 2876 2862 2873 2858 3793168 3788134 3782159 3782342 3787634 3791269 3791891 3793592 
0 1180000 2870 2865 1450 2872 2879 2861 2873 2859 3793078 3788048 3782050 3782263 3787497 3791117 3791882 3793550 
0 1190000 2870 2865 1451 2874 2876 2862 2874 2859 3792963 3787894 3782058 3782271 3787568 3791178 3791816 3793516 
0 1200000 2870 2867 1449 2874 2877 2862 2875 2860 3792897 3787843 3782010 3782256 3787520 3791111 3791784 3793507 
0 1210000 2870 2864 1450 2873 2876 2861 2874 2859 3792751 3787699 3781856 3782112 3787418 3791077 3791714 3793431 
0 1220000 2869 2864 1448 2874 2878 2863 2874 2859 3792676 3787552 3781712 3782026 3787362 3790954 3791656 3793361 
0 1230000 2871 2863 1452 2872 2876 2863 2874 2859 3792427 3787431 3781605 3781947 3787236 3790898 3791562 3793281 
0 1240000 2867 2863 1451 2873 2877 2861 2874 2864 3792372 3787335 3781409 3781914 3787213 3790795 3791464 3793119 
0 1250000 2869 2862 1449 2874 2878 2864 2874 2859 3792297 3787344 3781395 3781743 3787051 3790669 3791406 3793071 
0 1260000 2870 2864 1449 2873 2877 2861 2875 2858 3792267 3787205 3781286 3781639 3786926 3790621 3791284 3792967 
0 1270000 2872 2864 1449 2873 2877 2862 2873 2859 3792268 3787239 3781240 3781651 3786975 3790653 3791280 3792963 
0 1280000 2871 2865 1450 2875 2877 2862 2872 2860 3792342 3787392 3781344 3781568 3786949 3790612 3791289 3792911 
0 1290000 2870 2864 1449 2873 2877 2861 2875 2860 3792299 3787317 3781361 3781568 3786908 3790549 3791232 3792878 
0 1300000 2871 2863 1450 2872 2876 2862 2873 2859 3792288 3787376 3781360 3781594 3786902 3790474 3791271 3792854 
0 1310000 2870 2863 1451 2873 2877 2862 2875 2859 3792384 3787337 3781390 3781548 3786896 3790502 3791189 3792868 
0 1320000 2869 2862 1449 2872 2876 2862 2873 2860 3792378 3787347 3781402 3781547 3786820 3790409 3791209 3792831 
0 1330000 2868 2865 1449 2874 2878 2862 2874 2858 3792361 3787313 3781270 3781437 3786755 3790427 3791143 3792776 
0 1340000 2869 2864 1449 2873 2877 2863 2874 2859 3792320 3787238 3781283 3781398 3786764 3790385 3791165 3792765 
0 1350000 2871 2861 1450 2874 2882 2862 2873 2859 3792209 3787291 3781240 3781385 3786798 3790335 3791196 3792741 
0 1360000 2870 2864 1449 2875 2877 2862 2873 2859 3792288 3787311 3781262 3781335 3786666 3790292 3791089 3792639 
0 1370000 2870 2863 1451 2872 2874 2861 2872 2859 3792192 3787212 3781266 3781388 3786738 3790322 3791080 3792703 
0 1380000 2872 2861 1449 2873 2878 2863 2874 2860 3792110 3787114 3781145 3781276 3786558 3790265 3791034 3792659 
0 1390000 2869 2861 1450 2874 2875 2862 2873 2858 3791930 3787069 3781023 3781357 3786596 3790241 3790998 3792611 
0 1400000 2869 2866 1449 2874 2878 2862 2872 2857 3792109 3787189 3781148 3781385 3786690 3790428 3791071 3792699 
0 1410000 2870 2864 1451 2874 2876 2861 2873 2859 3792438 3787636 3781209 3781426 3786702 3790446 3791054 3792743 
0 1420000 2869 2865 1451 2873 2877 2861 2873 2858 3792693 3787866 3781656 3781751 3786816 3790533 3791197 3792818 
0 1430000 2870 2861 1450 2872 2876 2861 2874 2859 3792838 3788025 3781837 3781850 3787132 3790770 3791282 3792990 
0 1440000 2872 2863 1450 2873 2875 2862 2873 2859 3793129 3788071 3781974 3781964 3787241 3790887 3791454 3793240 
0 1450000 2870 2863 1449 2874 2882 2862 2874 2861 3793224 3788339 3782209 3782100 3787357 3791010 3791572 3793302 
0 1460000 2869 2863 1450 2873 2877 2861 2872 2859 3793398 3788539 3782383 3782386 3787592 3791114 3791689 3793415 
0 1470000 2868 2862 1453 2874 2877 2862 2873 2859 3793579 3788752 3782560 3782544 3787768 3791348 3791980 3793575 
0 1480000 2870 2864 1449 2873 2878 2862 2874 2860 3793964 3789084 3782783 3782697 3787887 3791478 3792068 3793862 
0 1490000 2872 2865 1451 2874 2877 2861 2873 2859 3794117 3789169 3783059 3782971 3788014 3791534 3792189 3793960 
0 1500000 2869 2863 1448 2874 2878 2862 2875 2860 3794179 3789250 3783171 3783084 3788249 3791741 3792278 3794086 
0 1510000 2872 2862 1451 2872 2877 2863 2874 2859 3794296 3789382 3783264 3783205 3788371 3791888 3792502 3794247 
0 1520000 2870 2863 1448 2873 2879 2861 2874 2859 3794526 3789569 3783559 3783299 3788441 3791935 3792540 3794370 
0 1530000 2869 2864 1448 2873 2877 2862 2874 2859 3794609 3789674 3783619 3783494 3788664 3792017 3792622 3794430 
0 1540000 2869 2864 1451 2874 2877 2863 2875 2861 3794700 3789790 3783750 3783564 3788744 3792143 3792791 3794505 
0 1550000 2871 2864 1449 2873 2877 2859 2875 2861 3794993 3790002 3783887 3783632 3788834 3792232 3792805 3794642 
0 1560000 2871 2865 1450 2874 2878 2863 2874 2859 3795046 3790116 3784129 3783818 3788928 3792322 3792890 3794796 
0 1570000 2870 2863 1450 2875 2879 2864 2874 2860 3795169 3790197 3784234 3783917 3789098 3792395 3793009 3794804 
0 1580000 2871 2865 1451 2872 2877 2864 2874 2861 3795181 3790279 3784265 3783976 3789185 3792434 3793095 3794931 
0 1590000 2871 2864 1452 2874 2878 2863 2874 2860 3795447 3790567 3784517 3784062 3789252 3792517 3793185 3795013 
0 1600000 2870 2864 1448 2874 2877 2862 2875 2860 3795614 3790703 3784673 3784281 3789472 3792563 3793267 3795049 
0 1610000 2870 2866 1449 2875 2879 2863 2875 2859 3795794 3790845 3784841 3784370 3789592 3792893 3793518 3795205 
0 1620000 2870 2865 1451 2874 2878 2863 2875 2860 3796096 3791055 3784941 3784514 3789696 3792979 3793577 3795408 
0 1630000 2871 2867 1451 2873 2879 2861 2874 2859 3796271 3791349 3785296 3784728 3789826 3793090 3793708 3795536 
0 1640000 2869 2866 1449 2875 2879 2868 2875 2860 3796502 3791594 3785536 3784945 3790083 3793313 3793790 3795658 
0 1650000 2870 2863 1450 2876 2877 2863 2874 2859 3796664 3791841 3785725 3785095 3790243 3793432 3794117 3795931 
0 1660000 2873 2864 1451 2874 2879 2864 2875 2862 3796955 3792083 3785901 3785223 3790300 3793551 3794252 3796066 
0 1670000 2871 2863 1450 2875 2878 2863 2874 2860 3797051 3792133 3786137 3785444 3790610 3793598 3794311 3796169 
0 1680000 2872 2865 1451 2873 2880 2862 2875 2860 3797163 3792202 3786241 3785585 3790775 3793775 3794510 3796276 
0 1690000 2877 2866 1448 2876 2876 2864 2876 2860 3797165 3792258 3786312 3785622 3790818 3793842 3794527 3796421 
0 1700000 2872 2867 1452 2873 2879 2862 2874 2859 3797167 3792221 3786307 3785670 3790836 3793876 3794561 3796458 
0 1710000 2871 2865 1451 2873 2879 2862 2876 2861 3797199 3792259 3786337 3785781 3790982 3793942 3794623 3796495 
0 1720000 2872 2866 1450 2876 2879 2863 2874 2860 3797282 3792365 3786420 3785829 3790947 3793986 3794691 3796541 
0 1730000 2872 2865 1455 2874 2878 2863 2876 2862 3797311 3792408 3786377 3785762 3791011 3793989 3794691 3796623 
0 1740000 2872 2865 1450 2874 2879 2862 2875 2861 3797351 3792527 3786513 3785847 3791055 3793974 3794730 3796649 
0 1750000 2871 2867 1450 2876 2878 2863 2875 2858 3797409 3792510 3786580 3785918 3791100 3794090 3794878 3796682 
0 1760000 2872 2867 1449 2875 2877 2863 2873 2860 3797471 3792546 3786571 3785973 3791152 3794055 3794847 3796764 
0 1770000 2873 2864 1450 2873 2884 2863 2874 2860 3797483 3792604 3786630 3785959 3791160 3794119 3794886 3796750 
0 1780000 2870 2865 1450 2876 2879 2864 2875 2861 3797551 3792608 3786705 3786033 3791219 3794177 3794958 3796805 
0 1790000 2872 2867 1450 2875 2877 2863 2875 2860 3797510 3792604 3786688 3786011 3791261 3794124 3794924 3796828 
0 1800000 2873 2869 1450 2873 2878 2865 2876 2861 3797579 3792623 3786695 3786066 3791287 3794144 3794981 3796834 
0 1810000 2873 2866 1452 2876 2878 2862 2876 2861 3797623 3792658 3786755 3786092 3791239 3794156 3794996 3796874 
0 1820000 2871 2867 1451 2875 2878 2863 2874 2859 3797586 3792616 3786699 3786131 3791307 3794244 3795026 3796917 
0 1830000 2873 2864 1450 2874 2879 2864 2875 2862 3797560 3792602 3786726 3786069 3791341 3794263 3795042 3796917 
0 1840000 2872 2864 1452 2875 2880 2864 2874 2860 3797532 3792575 3786678 3786128 3791338 3794245 3795017 3796927 
0 1850000 2870 2866 1449 2876 2879 2865 2875 2861 3797525 3792585 3786716 3786148 3791298 3794263 3794987 3796915 
0 1860000 2873 2867 1452 2876 2878 2865 2875 2861 3797521 3792573 3786678 3786114 3791294 3794264 3795044 3796932 
0 1870000 2872 2863 1450 2875 2878 2864 2876 2862 3797506 3792596 3786673 3786075 3791296 3794251 3795051 3796932 
0 1880000 2872 2871 1453 2875 2878 2862 2875 2861 3797518 3792647 3786712 3786107 3791325 3794273 3795070 3796937 
0 1890000 2871 2867 1450 2875 2878 2863 2875 2860 3797536 3792580 3786716 3786100 3791327 3794242 3795051 3796929 
0 1900000 2872 2865 1450 2875 2879 2863 2875 2860 3797530 3792548 3786653 3786095 3791348 3794290 3795068 3796934 
0 1910000 2872 2864 1451 2876 2879 2862 2873 2862 3797539 3792587 3786676 3786090 3791305 3794273 3795037 3796927 
0 1920000 2872 2867 1449 2874 2880 2863 2877 2860 3797544 3792589 3786699 3786145 3791355 3794302 3795075 3796953 
0 1930000 2871 2867 1450 2876 2878 2863 2875 2860 3797522 3792585 3786700 3786126 3791340 3794310 3795055 3796969 
0 1940000 2872 2866 1452 2875 2877 2864 2875 2860 3797540 3792653 3786683 3786119 3791359 3794322 3795116 3796973 
0 1950000 2871 2869 1451 2875 2877 2863 2874 2860 3797538 3792659 3786663 3786151 3791334 3794348 3795094 3797004 
0 1960000 2876 2865 1450 2874 2878 2864 2875 2861 3797565 3792617 3786780 3786170 3791364 3794372 3795106 3796981 
0 1970000 2872 2868 1448 2875 2878 2864 2874 2862 3797667 3792688 3786727 3786160 3791422 3794390 3795186 3796996 
0 1980000 2872 2865 1452 2875 2879 2868 2875 2861 3797623 3792728 3786814 3786159 3791428 3794406 3795150 3797037 
0 1990000 2869 2866 1448 2875 2879 2864 2876 2860 3797647 3792714 3786800 3786247 3791457 3794423 3795210 3797042 
0 2000000 2872 2865 1448 2874 2878 2864 2876 2861 3797651 3792743 3786802 3786181 3791434 3794396 3795194 3797085 
0 2010000 2873 2865 1449 2877 2878 2864 2875 2861 3797731 3792779 3786843 3786243 3791505 3794471 3795213 3797095 
0 2020000 2871 2867 1450 2875 2877 2863 2876 2861 3797719 3792803 3786851 3786236 3791448 3794516 3795228 3797101 
0 2030000 2872 2865 1450 2874 2880 2863 2876 2861 3797700 3792825 3786891 3786240 3791504 3794486 3795251 3797132 
0 2040000 2871 2868 1450 2876 2878 2863 2875 2861 3797802 3792707 3786845 3786286 3791471 3794444 3795259 3797137 
0 2050000 2872 2867 1452 2874 2880 2863 2875 2861 3797769 3792974 3787153 3786372 3791556 3794484 3795254 3797122 
0 2060000 2870 2865 1447 2875 2880 2863 2876 2860 3797921 3793130 3786991 3786583 3791802 3794463 3795269 3797008 
