0 470000 2874 2872 1450 2880 2883 2868 2879 2863 3803886 3799007 3792903 3792627 3797878 3800194 3801019 3802944 
0 480000 2875 2869 1449 2879 2881 2866 2880 2864 3803918 3799061 3792928 3792614 3797935 3800222 3801034 3802982 
0 490000 2872 2867 1452 2878 2883 2867 2877 2864 3803933 3799074 3792954 3792651 3797940 3800183 3801052 3802959 
0 500000 2875 2869 1449 2878 2884 2866 2879 2863 3803962 3799089 3792984 3792644 3797931 3800218 3801061 3802978 
0 510000 2875 2872 1449 2879 2881 2867 2879 2861 3803968 3799027 3792919 3792632 3797964 3800201 3801034 3802986 
0 520000 2880 2869 1451 2878 2882 2866 2878 2865 3803957 3799055 3792963 3792647 3797923 3800215 3801085 3802964 
0 530000 2873 2871 1453 2880 2881 2867 2880 2859 3803962 3799035 3792977 3792633 3797952 3800231 3801059 3803030 
0 540000 2873 2868 1452 2880 2885 2866 2879 2863 3804021 3799104 3792966 3792706 3797936 3800250 3801075 3803047 
0 550000 2873 2866 1450 2877 2883 2869 2880 2863 3804028 3799115 3792992 3792659 3797985 3800283 3801080 3803054 
0 560000 2873 2867 1452 2878 2882 2867 2876 2863 3804025 3799114 3793014 3792723 3798023 3800282 3801107 3803092 
0 570000 2875 2870 1450 2880 2882 2867 2878 2864 3804018 3799150 3792992 3792734 3798005 3800289 3801164 3803042 
0 580000 2875 2874 1451 2879 2884 2865 2880 2863 3804026 3799168 3793035 3792731 3798020 3800333 3801156 3803120 
0 590000 2874 2870 1452 2882 2883 2868 2879 2863 3804074 3799173 3793043 3792829 3798027 3800315 3801199 3803104 
0 600000 2874 2871 1451 2877 2883 2866 2880 2864 3804053 3799187 3793088 3792777 3798088 3800354 3801176 3803152 
0 610000 2876 2870 1453 2877 2881 2867 2878 2864 3804098 3799217 3793052 3792791 3798061 3800363 3801205 3803144 
0 620000 2875 2868 1449 2878 2881 2868 2878 2865 3804116 3799221 3793117 3792797 3798072 3800368 3801212 3803134 
0 630000 2869 2869 1450 2878 2881 2866 2878 2863 3804098 3799220 3793114 3792776 3798129 3800390 3801217 3803144 
0 640000 2874 2870 1450 2879 2882 2866 2878 2863 3804144 3799267 3793120 3792813 3798105 3800392 3801201 3803143 
0 650000 2877 2871 1450 2879 2882 2867 2878 2864 3804124 3799256 3793095 3792823 3798090 3800406 3801244 3803173 
0 660000 2875 2869 1450 2879 2884 2867 2880 2864 3804147 3799246 3793139 3792837 3798127 3800367 3801237 3803188 
0 670000 2873 2870 1450 2879 2884 2867 2879 2864 3804122 3799268 3793110 3792816 3798115 3800418 3801271 3803163 
0 680000 2876 2868 1449 2878 2883 2866 2879 2863 3804129 3799250 3793147 3792849 3798108 3800416 3801224 3803215 
0 690000 2875 2871 1451 2878 2884 2868 2880 2863 3804153 3799296 3793158 3792849 3798109 3800416 3801262 3803216 
0 700000 2870 2869 1453 2878 2883 2868 2877 2864 3804143 3799251 3793151 3792818 3798104 3800441 3801272 3803227 
0 710000 2874 2869 1450 2879 2882 2865 2878 2863 3804180 3799287 3793205 3792869 3798185 3800421 3801256 3803231 
0 720000 2877 2869 1452 2879 2884 2867 2877 2864 3804197 3799303 3793165 3792866 3798163 3800454 3801281 3803226 
0 730000 2875 2870 1450 2878 2883 2867 2879 2865 3804208 3799306 3793190 3792896 3798171 3800442 3801292 3803226 
0 740000 2872 2869 1450 2878 2883 2868 2877 2864 3804214 3799336 3793215 3792875 3798204 3800497 3801299 3803223 
0 750000 2876 2870 1450 2879 2882 2868 2879 2864 3804218 3799318 3793212 3792917 3798200 3800488 3801340 3803257 
0 760000 2876 2869 1452 2879 2881 2873 2877 2864 3804211 3799282 3793210 3792935 3798191 3800497 3801300 3803222 
0 770000 2871 2869 1452 2880 2882 2869 2877 2864 3804192 3799289 3793223 3792925 3798171 3800486 3801294 3803244 
0 780000 2873 2870 1449 2878 2882 2868 2877 2864 3804214 3799311 3793238 3792927 3798208 3800488 3801312 3803259 
0 790000 2873 2871 1450 2879 2881 2867 2878 2864 3804203 3799337 3793189 3792907 3798207 3800494 3801332 3803238 
0 800000 2876 2869 1450 2878 2883 2867 2880 2865 3804217 3799339 3793256 3792912 3798191 3800485 3801289 3803223 
0 810000 2874 2870 1451 2876 2881 2868 2879 2864 3804287 3799358 3793263 3792930 3798204 3800489 3801312 3803279 
0 820000 2874 2870 1451 2879 2883 2869 2878 2863 3804240 3799380 3793264 3792983 3798285 3800498 3801367 3803344 
0 830000 2876 2869 1449 2878 2882 2870 2880 2865 3804290 3799388 3793283 3792961 3798269 3800531 3801388 3803327 
0 840000 2876 2869 1451 2880 2882 2870 2877 2864 3804295 3799418 3793308 3792966 3798247 3800575 3801384 3803341 
0 850000 2875 2869 1451 2881 2880 2868 2879 2865 3804272 3799380 3793285 3792956 3798246 3800506 3801358 3803334 
0 860000 2874 2870 1451 2880 2882 2866 2879 2863 3804315 3799377 3793256 3792967 3798228 3800521 3801363 3803293 
0 870000 2874 2869 1450 2879 2881 2868 2879 2864 3804272 3799364 3793295 3792964 3798246 3800555 3801380 3803311 
0 880000 2874 2871 1451 2878 2880 2866 2876 2864 3804260 3799403 3793330 3793030 3798298 3800554 3801407 3803345 
0 890000 2873 2870 1452 2878 2883 2867 2879 2864 3804287 3799374 3793306 3793002 3798298 3800574 3801396 3803341 
0 900000 2875 2869 1451 2879 2882 2868 2879 2864 3804317 3799429 3793303 3793003 3798272 3800558 3801392 3803332 
0 910000 2876 2869 1453 2878 2883 2867 2879 2864 3804312 3799414 3793342 3793036 3798277 3800589 3801429 3803350 
0 920000 2874 2869 1451 2879 2881 2867 2878 2864 3804316 3799440 3793369 3793080 3798310 3800611 3801440 3803375 
0 930000 2873 2868 1450 2877 2882 2866 2879 2862 3804321 3799426 3793358 3793037 3798337 3800602 3801440 3803388 
0 940000 2875 2869 1453 2878 2882 2868 2879 2864 3804425 3799496 3793394 3793031 3798326 3800599 3801468 3803416 
0 950000 2869 2869 1450 2878 2882 2869 2879 2863 3804380 3799548 3793410 3793107 3798373 3800618 3801464 3803426 
0 960000 2873 2870 1448 2878 2882 2864 2878 2863 3804404 3799503 3793414 3793111 3798390 3800665 3801500 3803408 
0 970000 2874 2870 1450 2879 2882 2869 2879 2865 3804419 3799515 3793451 3793093 3798397 3800647 3801492 3803430 
0 980000 2871 2869 1452 2879 2882 2869 2877 2864 3804451 3799554 3793474 3793138 3798397 3800690 3801503 3803469 
0 990000 2876 2869 1450 2878 2882 2867 2880 2865 3804440 3799517 3793419 3793146 3798466 3800647 3801520 3803484 
0 1000000 2875 2868 1451 2878 2884 2869 2878 2864 3804465 3799498 3793464 3793164 3798416 3800725 3801572 3803527 
0 1010000 2874 2869 1452 2878 2882 2868 2879 2864 3804479 3799585 3793436 3793180 3798460 3800752 3801569 3803525 
0 1020000 2872 2869 1449 2877 2882 2866 2877 2863 3804497 3799581 3793468 3793190 3798474 3800740 3801570 3803496 
0 1030000 2875 2869 1450 2878 2882 2867 2879 2864 3804507 3799608 3793507 3793202 3798505 3800785 3801623 3803512 
0 1040000 2875 2869 1449 2879 2881 2867 2880 2863 3804530 3799616 3793533 3793196 3798507 3800814 3801581 3803541 
0 1050000 2877 2869 1453 2879 2883 2866 2879 2864 3804534 3799639 3793576 3793198 3798497 3800775 3801612 3803572 
0 1060000 2876 2867 1451 2879 2884 2869 2880 2865 3804518 3799646 3793524 3793258 3798515 3800793 3801632 3803562 
0 1070000 2873 2869 1450 2878 2883 2866 2879 2863 3804507 3799641 3793570 3793249 3798542 3800808 3801638 3803571 
0 1080000 2874 2870 1450 2880 2883 2870 2880 2864 3804566 3799690 3793571 3793260 3798538 3800815 3801601 3803610 
0 1090000 2875 2869 1453 2880 2885 2867 2878 2864 3804566 3799663 3793575 3793258 3798553 3800834 3801684 3803587 
0 1100000 2874 2870 1449 2878 2882 2867 2878 2864 3804542 3799705 3793607 3793269 3798539 3800841 3801690 3803611 
0 1110000 2876 2869 1449 2879 2882 2868 2878 2866 3804608 3799692 3793577 3793278 3798574 3800830 3801722 3803632 
0 1120000 2877 2870 1453 2879 2883 2866 2878 2864 3804604 3799709 3793587 3793287 3798572 3800857 3801686 3803670 
0 1130000 2874 2870 1449 2879 2883 2867 2878 2862 3804630 3799706 3793615 3793282 3798597 3800875 3801731 3803660 
0 1140000 2875 2870 1452 2878 2882 2867 2878 2864 3804636 3799742 3793630 3793335 3798627 3800904 3801742 3803660 
0 1150000 2875 2869 1450 2879 2883 2868 2879 2865 3804661 3799750 3793630 3793352 3798624 3800910 3801729 3803691 
0 1160000 2874 2869 1450 2878 2881 2866 2879 2864 3804687 3799727 3793655 3793341 3798627 3800897 3801745 3803692 
0 1170000 2873 2871 1449 2878 2884 2868 2879 2863 3804668 3799759 3793661 3793323 3798644 3800878 3801744 3803687 
0 1180000 2875 2869 1449 2878 2881 2868 2878 2865 3804663 3799776 3793673 3793336 3798650 3800937 3801750 3803696 
0 1190000 2874 2868 1451 2878 2883 2867 2878 2863 3804679 3799772 3793652 3793390 3798630 3800911 3801759 3803676 
0 1200000 2874 2869 1449 2880 2882 2873 2878 2864 3804656 3799754 3793691 3793345 3798675 3800921 3801774 3803715 
0 1210000 2876 2869 1451 2878 2881 2867 2879 2864 3804682 3799759 3793714 3793387 3798630 3800944 3801763 3803761 
0 1220000 2875 2870 1452 2884 2881 2868 2879 2865 3804694 3799820 3793682 3793397 3798658 3800953 3801780 3803696 
0 1230000 2875 2869 1451 2879 2880 2868 2877 2864 3804675 3799786 3793681 3793378 3798666 3800963 3801807 3803752 
0 1240000 2877 2868 1451 2874 2884 2868 2879 2863 3804668 3799816 3793715 3793410 3798673 3800950 3801764 3803744 
0 1250000 2875 2868 1449 2879 2882 2868 2877 2865 3804698 3799859 3793689 3793425 3798633 3800953 3801784 3803781 
0 1260000 2876 2869 1452 2880 2883 2870 2879 2865 3804740 3799835 3793714 3793420 3798682 3800986 3801794 3803799 
0 1270000 2875 2867 1450 2878 2884 2867 2881 2865 3804736 3799854 3793749 3793407 3798730 3801026 3801851 3803773 
0 1280000 2875 2868 1452 2877 2882 2868 2878 2863 3804730 3799833 3793733 3793457 3798758 3800999 3801817 3803770 
0 1290000 2875 2872 1451 2879 2882 2867 2879 2864 3804764 3799819 3793723 3793438 3798713 3801042 3801842 3803789 
0 1300000 2875 2870 1452 2880 2882 2866 2879 2864 3804747 3799843 3793734 3793438 3798724 3800993 3801832 3803813 
0 1310000 2876 2868 1450 2877 2883 2868 2881 2863 3804775 3799863 3793778 3793456 3798747 3801021 3801887 3803834 
0 1320000 2873 2871 1451 2880 2882 2866 2878 2863 3804774 3799901 3793781 3793487 3798768 3801046 3801865 3803860 
0 1330000 2875 2873 1452 2878 2883 2866 2878 2864 3804773 3799868 3793789 3793460 3798747 3801031 3801889 3803820 
0 1340000 2874 2870 1449 2880 2884 2867 2879 2865 3804773 3799926 3793782 3793482 3798781 3801055 3801912 3803820 
0 1350000 2876 2868 1452 2878 2882 2868 2879 2864 3804801 3799920 3793810 3793503 3798797 3801103 3801904 3803869 
0 1360000 2874 2868 1452 2879 2884 2867 2880 2864 3804820 3799916 3793833 3793533 3798805 3801072 3801896 3803847 
0 1370000 2875 2869 1450 2877 2880 2867 2879 2864 3804813 3799953 3793804 3793501 3798768 3801100 3801933 3803867 
0 1380000 2874 2869 1449 2878 2883 2866 2880 2863 3804843 3799896 3793826 3793527 3798796 3801075 3801933 3803879 
0 1390000 2874 2869 1450 2879 2882 2866 2878 2864 3804841 3799961 3793857 3793533 3798817 3801166 3801976 3803933 
0 1400000 2876 2871 1452 2880 2884 2868 2878 2864 3804870 3799996 3793872 3793561 3798842 3801152 3801955 3803907 
0 1410000 2873 2869 1449 2884 2883 2868 2880 2865 3804892 3799985 3793925 3793579 3798873 3801126 3801970 3803908 
0 1420000 2875 2871 1451 2879 2881 2868 2877 2863 3804888 3799980 3793884 3793590 3798863 3801169 3801986 3803937 
0 1430000 2877 2870 1449 2879 2882 2868 2879 2864 3804923 3800010 3793891 3793592 3798871 3801161 3802014 3803924 
0 1440000 2874 2869 1449 2879 2882 2867 2878 2865 3804942 3799997 3793909 3793633 3798883 3801170 3801987 3803971 
0 1450000 2873 2869 1449 2878 2882 2868 2879 2863 3804912 3800029 3793947 3793618 3798920 3801151 3801987 3803929 
0 1460000 2873 2868 1449 2879 2883 2867 2878 2863 3804930 3800026 3793947 3793596 3798935 3801175 3802005 3803980 
0 1470000 2873 2868 1453 2880 2884 2867 2877 2864 3804914 3800007 3793952 3793580 3798878 3801185 3801980 3803968 
0 1480000 2873 2868 1448 2880 2884 2869 2880 2864 3804995 3800038 3793976 3793636 3798920 3801210 3802059 3804002 
0 1490000 2875 2870 1452 2878 2883 2868 2879 2864 3805009 3800094 3793920 3793664 3798963 3801202 3802095 3804024 
0 1500000 2875 2871 1449 2878 2882 2869 2877 2864 3804956 3800016 3793951 3793665 3798937 3801197 3802050 3803953 
0 1510000 2874 2870 1450 2879 2883 2867 2880 2864 3804980 3800032 3793932 3793654 3798932 3801232 3802034 3803995 
0 1520000 2875 2871 1449 2879 2882 2867 2879 2865 3804972 3800072 3793990 3793657 3798988 3801257 3802058 3804046 
0 1530000 2874 2868 1448 2878 2881 2868 2879 2865 3805000 3800043 3793983 3793675 3798976 3801210 3802064 3804005 
0 1540000 2877 2868 1454 2878 2884 2866 2879 2865 3805016 3800062 3793961 3793683 3798950 3801259 3802103 3804004 
0 1550000 2873 2869 1449 2879 2883 2868 2879 2864 3805036 3800093 3793987 3793683 3798932 3801215 3802093 3804040 
0 1560000 2874 2871 1452 2880 2882 2868 2879 2864 3804987 3800116 3793996 3793715 3798956 3801227 3802077 3804037 
0 1570000 2873 2871 1453 2879 2882 2866 2878 2864 3805000 3800084 3794024 3793692 3798969 3801253 3802077 3804040 
0 1580000 2875 2869 1453 2879 2882 2870 2878 2865 3804986 3800079 3793988 3793677 3798933 3801215 3802063 3803995 
0 1590000 2876 2870 1450 2878 2882 2866 2879 2865 3805018 3800096 3793985 3793691 3798955 3801244 3802069 3804016 
0 1600000 2876 2870 1449 2877 2881 2868 2878 2864 3805011 3800104 3793985 3793709 3798982 3801215 3802084 3804042 
0 1610000 2874 2870 1453 2880 2883 2869 2879 2864 3805022 3800107 3794025 3793725 3798988 3801280 3802118 3804078 
0 1620000 2875 2870 1451 2879 2882 2867 2877 2864 3805018 3800127 3794035 3793685 3798993 3801273 3802116 3804083 
0 1630000 2876 2869 1452 2879 2883 2869 2880 2864 3805009 3800145 3794067 3793694 3798994 3801289 3802157 3804090 
0 1640000 2873 2867 1451 2879 2883 2867 2878 2864 3805053 3800163 3794045 3793747 3799000 3801295 3802118 3804076 
0 1650000 2874 2871 1453 2879 2883 2868 2879 2865 3805075 3800177 3794061 3793762 3799028 3801308 3802142 3804101 
0 1660000 2876 2870 1451 2878 2883 2869 2879 2864 3805097 3800197 3794052 3793747 3799050 3801350 3802146 3804088 
0 1670000 2875 2870 1447 2878 2881 2867 2877 2864 3805081 3800129 3794056 3793731 3799033 3801331 3802158 3804082 
0 1680000 2872 2870 1451 2879 2881 2868 2879 2864 3805112 3800160 3794087 3793805 3799075 3801319 3802208 3804149 
0 1690000 2876 2871 1452 2880 2882 2867 2878 2865 3805120 3800168 3794136 3793810 3799103 3801364 3802242 3804160 
0 1700000 2874 2869 1452 2878 2882 2867 2880 2864 3805130 3800209 3794115 3793868 3799118 3801391 3802237 3804218 
0 1710000 2875 2868 1450 2879 2884 2869 2879 2865 3805109 3800251 3794143 3793862 3799138 3801430 3802269 3804217 
0 1720000 2873 2871 1449 2884 2883 2868 2881 2865 3805160 3800255 3794198 3793870 3799185 3801462 3802289 3804212 
0 1730000 2874 2870 1452 2881 2884 2867 2880 2867 3805216 3800324 3794179 3793877 3799146 3801480 3802257 3804219 
0 1740000 2877 2868 1450 2879 2883 2869 2879 2864 3805233 3800305 3794210 3793946 3799214 3801482 3802297 3804237 
0 1750000 2877 2871 1452 2879 2883 2866 2879 2864 3805218 3800339 3794215 3793904 3799189 3801453 3802294 3804228 
0 1760000 2873 2870 1449 2881 2884 2869 2879 2864 3805213 3800331 3794264 3793907 3799211 3801491 3802306 3804269 
0 1770000 2874 2870 1450 2878 2883 2865 2879 2863 3805229 3800339 3794242 3793942 3799196 3801455 3802300 3804269 
0 1780000 2875 2869 1450 2878 2882 2868 2878 2865 3805269 3800368 3794292 3793962 3799245 3801521 3802353 3804319 
0 1790000 2874 2871 1451 2877 2884 2867 2880 2865 3805300 3800367 3794288 3793993 3799225 3801566 3802377 3804320 
0 1800000 2877 2870 1452 2878 2884 2869 2880 2866 3805314 3800402 3794312 3794004 3799239 3801567 3802382 3804335 
0 1810000 2875 2870 1449 2880 2882 2868 2881 2865 3805283 3800341 3794334 3793960 3799254 3801556 3802359 3804292 
0 1820000 2868 2869 1451 2879 2883 2869 2878 2864 3805280 3800398 3794289 3794013 3799280 3801541 3802413 3804326 
0 1830000 2876 2869 1451 2880 2882 2868 2879 2865 3805328 3800374 3794313 3794001 3799269 3801543 3802384 3804344 
0 1840000 2874 2870 1451 2879 2882 2867 2879 2863 3805300 3800414 3794342 3794011 3799302 3801581 3802385 3804352 
0 1850000 2876 2870 1449 2878 2881 2868 2880 2865 3805354 3800402 3794323 3794026 3799320 3801578 3802406 3804373 
0 1860000 2874 2870 1452 2879 2882 2866 2878 2864 3805319 3800459 3794359 3794039 3799323 3801595 3802417 3804356 
0 1870000 2878 2869 1451 2879 2883 2869 2881 2866 3805354 3800444 3794310 3794071 3799298 3801557 3802419 3804379 
0 1880000 2873 2871 1450 2880 2881 2867 2877 2864 3805341 3800434 3794328 3794064 3799304 3801628 3802409 3804391 
0 1890000 2872 2870 1452 2878 2883 2866 2878 2865 3805368 3800442 3794329 3794063 3799311 3801641 3802471 3804378 
0 1900000 2874 2874 1453 2882 2885 2868 2880 2865 3805358 3800458 3794364 3794041 3799317 3801618 3802459 3804380 
0 1910000 2877 2869 1451 2879 2882 2866 2878 2864 3805368 3800475 3794396 3794048 3799365 3801628 3802420 3804389 
0 1920000 2875 2869 1449 2880 2883 2867 2879 2865 3805394 3800465 3794346 3794043 3799332 3801665 3802472 3804389 
0 1930000 2875 2876 1453 2879 2883 2867 2880 2863 3805360 3800443 3794367 3794072 3799361 3801630 3802436 3804427 
0 1940000 2873 2870 1454 2879 2882 2867 2877 2866 3805410 3800438 3794370 3794062 3799314 3801610 3802457 3804415 
0 1950000 2876 2871 1449 2879 2882 2868 2878 2864 3805337 3800460 3794372 3794044 3799323 3801612 3802443 3804393 
0 1960000 2869 2870 1453 2875 2883 2868 2879 2864 3805349 3800418 3794352 3794056 3799360 3801606 3802463 3804385 
0 1970000 2876 2870 1453 2881 2882 2869 2878 2865 3805335 3800458 3794343 3794034 3799319 3801635 3802449 3804394 
0 1980000 2875 2871 1451 2880 2881 2868 2878 2864 3805360 3800456 3794352 3794058 3799364 3801622 3802438 3804384 
0 1990000 2873 2869 1451 2878 2883 2869 2880 2865 3805367 3800481 3794363 3794072 3799353 3801600 3802430 3804394 
0 2000000 2873 2870 1450 2880 2882 2868 2879 2865 3805391 3800451 3794385 3794069 3799349 3801637 3802479 3804427 
0 2010000 2874 2870 1450 2880 2885 2868 2880 2864 3805389 3800481 3794385 3794080 3799368 3801656 3802457 3804400 
0 2020000 2873 2870 1450 2880 2882 2868 2878 2865 3805365 3800488 3794397 3794102 3799379 3801634 3802469 3804416 
0 2030000 2875 2867 1453 2878 2886 2866 2877 2865 3805393 3800499 3794367 3794097 3799359 3801679 3802484 3804436 
0 2040000 2875 2871 1453 2881 2882 2870 2879 2864 3805392 3800521 3794412 3794128 3799376 3801676 3802535 3804465 
0 2050000 2876 2869 1453 2879 2884 2869 2878 2864 3805416 3800517 3794407 3794116 3799353 3801651 3802466 3804461 
0 2060000 2875 2868 1453 2879 2884 2868 2879 2865 3805421 3800509 3794405 3794094 3799380 3801684 3802499 3804455 
0 2070000 2874 2870 1451 2880 2883 2868 2879 2864 3805437 3800580 3794383 3794069 3799411 3801658 3802488 3804461 
0 2080000 2875 2873 1450 2879 2883 2869 2879 2864 3805415 3800494 3794405 3794113 3799418 3801684 3802525 3804464 
0 2090000 2875 2872 1450 2880 2881 2867 2877 2864 3805404 3800513 3794429 3794124 3799399 3801690 3802563 3804445 
0 2100000 2875 2868 1451 2878 2883 2868 2878 2864 3805421 3800519 3794418 3794116 3799431 3801685 3802529 3804443 
0 2110000 2877 2868 1449 2879 2883 2865 2879 2864 3805373 3800539 3794448 3794117 3799392 3801643 3802498 3804455 
0 2120000 2877 2870 1453 2878 2884 2870 2885 2865 3805473 3800532 3794458 3794177 3799426 3801722 3802522 3804453 
0 2130000 2873 2869 1452 2879 2883 2867 2880 2864 3805475 3800547 3794443 3794202 3799434 3801731 3802604 3804525 
0 2140000 2873 2869 1450 2876 2883 2868 2878 2864 3805509 3800581 3794487 3794147 3799473 3801761 3802602 3804519 
0 2150000 2878 2870 1454 2880 2883 2868 2879 2865 3805518 3800584 3794485 3794205 3799444 3801755 3802620 3804525 
0 2160000 2876 2871 1450 2876 2881 2868 2878 2865 3805524 3800610 3794501 3794199 3799504 3801766 3802621 3804521 
0 2170000 2870 2867 1452 2878 2883 2867 2877 2864 3805539 3800635 3794523 3794210 3799503 3801792 3802634 3804585 
0 2180000 2872 2870 1451 2881 2883 2869 2879 2865 3805561 3800602 3794531 3794257 3799530 3801809 3802650 3804559 
0 2190000 2876 2869 1451 2878 2883 2868 2879 2864 3805573 3800664 3794534 3794219 3799557 3801843 3802651 3804590 
0 2200000 2875 2869 1451 2879 2884 2870 2880 2866 3805617 3800694 3794575 3794290 3799554 3801847 3802656 3804606 
0 2210000 2875 2870 1452 2880 2881 2867 2879 2866 3805562 3800682 3794575 3794297 3799529 3801889 3802656 3804626 
0 2220000 2876 2869 1452 2881 2885 2869 2880 2866 3805596 3800683 3794591 3794313 3799546 3801884 3802684 3804630 
0 2230000 2876 2871 1450 2880 2882 2869 2877 2864 3805575 3800704 3794593 3794316 3799565 3801884 3802711 3804613 
0 2240000 2870 2869 1452 2879 2883 2867 2877 2864 3805593 3800713 3794586 3794341 3799578 3801882 3802743 3804640 
0 2250000 2876 2870 1452 2879 2882 2867 2879 2865 3805667 3800723 3794603 3794318 3799627 3801921 3802730 3804690 
0 2260000 2875 2871 1451 2879 2884 2868 2880 2863 3805670 3800769 3794676 3794344 3799601 3801935 3802748 3804732 
0 2270000 2874 2869 1452 2877 2882 2868 2878 2864 3805648 3800795 3794662 3794353 3799635 3801959 3802745 3804698 
0 2280000 2874 2869 1452 2878 2884 2867 2880 2865 3805696 3800782 3794663 3794398 3799651 3801987 3802771 3804737 
0 2290000 2875 2869 1450 2878 2888 2867 2880 2864 3805702 3800788 3794687 3794378 3799622 3801940 3802748 3804715 
0 2300000 2874 2870 1450 2880 2882 2867 2881 2866 3805679 3800766 3794679 3794409 3799658 3801964 3802776 3804708 
0 2310000 2875 2868 1452 2877 2884 2867 2879 2865 3805701 3800786 3794690 3794344 3799635 3801944 3802790 3804732 
0 2320000 2875 2869 1453 2880 2884 2869 2881 2864 3805681 3800772 3794690 3794383 3799664 3801919 3802781 3804721 
0 2330000 2876 2871 1452 2878 2882 2869 2879 2864 3805666 3800791 3794659 3794391 3799670 3801992 3802771 3804673 
0 2340000 2875 2869 1449 2879 2881 2866 2879 2865 3805682 3800772 3794662 3794410 3799658 3801966 3802767 3804712 
0 2350000 2875 2868 1452 2880 2881 2869 2878 2867 3805678 3800759 3794692 3794398 3799693 3802001 3802762 3804729 
0 2360000 2876 2873 1450 2880 2888 2869 2881 2865 3805749 3800828 3794713 3794437 3799716 3802009 3802833 3804750 
0 2370000 2876 2870 1452 2878 2883 2869 2879 2864 3805715 3800833 3794761 3794427 3799696 3802004 3802785 3804775 
0 2380000 2875 2868 1451 2880 2884 2871 2878 2865 3805774 3800871 3794753 3794449 3799712 3802047 3802852 3804812 
0 2390000 2874 2870 1452 2881 2883 2868 2879 2866 3805798 3800882 3794800 3794508 3799763 3802075 3802863 3804828 
0 2400000 2875 2872 1452 2880 2884 2868 2878 2864 3805832 3800912 3794804 3794523 3799749 3802050 3802882 3804829 
0 2410000 2874 2871 1452 2878 2883 2867 2879 2865 3805831 3800920 3794833 3794540 3799849 3802073 3802945 3804845 
0 2420000 2874 2867 1452 2880 2884 2867 2878 2865 3805881 3800945 3794858 3794571 3799841 3802116 3802984 3804906 
0 2430000 2881 2868 1451 2879 2884 2869 2880 2866 3805957 3800979 3794889 3794607 3799905 3802159 3803016 3804952 
0 2440000 2875 2869 1451 2878 2883 2869 2879 2865 3805952 3801060 3794945 3794706 3799884 3802228 3803013 3805000 
0 2450000 2871 2867 1453 2879 2884 2867 2877 2865 3806010 3801035 3794958 3794683 3799919 3802241 3803063 3804980 
0 2460000 2873 2870 1450 2879 2884 2869 2880 2864 3806004 3801068 3794962 3794680 3799973 3802274 3803074 3804989 
0 2470000 2875 2868 1452 2881 2884 2867 2880 2864 3806049 3801092 3795003 3794717 3799964 3802295 3803082 3805040 
0 2480000 2873 2869 1449 2878 2882 2867 2879 2864 3806041 3801107 3795064 3794773 3800014 3802272 3803146 3805059 
0 2490000 2876 2870 1450 2878 2882 2867 2880 2864 3806037 3801143 3795085 3794774 3800024 3802326 3803140 3805094 
0 2500000 2876 2872 1451 2878 2881 2869 2879 2866 3806094 3801179 3795089 3794808 3800029 3802375 3803166 3805120 
0 2510000 2875 2869 1451 2878 2885 2868 2878 2865 3806097 3801210 3795091 3794800 3800044 3802391 3803152 3805126 
0 2520000 2875 2870 1452 2879 2885 2868 2881 2863 3806101 3801200 3795107 3794824 3800081 3802388 3803195 3805086 
0 2530000 2874 2872 1451 2881 2884 2870 2879 2866 3806108 3801231 3795073 3794803 3800073 3802403 3803169 3805112 
0 2540000 2878 2871 1452 2879 2885 2870 2881 2865 3806127 3801227 3795077 3794792 3800118 3802378 3803209 3805157 
0 2550000 2879 2870 1453 2881 2883 2868 2879 2865 3806158 3801225 3795123 3794863 3800108 3802411 3803260 3805161 
0 2560000 2875 2871 1450 2879 2884 2869 2879 2864 3806164 3801224 3795161 3794864 3800114 3802396 3803240 3805186 
0 2570000 2877 2870 1450 2879 2883 2869 2882 2864 3806162 3801230 3795142 3794852 3800106 3802414 3803217 3805149 
0 2580000 2878 2868 1449 2879 2883 2868 2879 2864 3806155 3801247 3795185 3794846 3800116 3802387 3803235 3805178 
0 2590000 2877 2869 1453 2879 2884 2868 2879 2865 3806181 3801236 3795139 3794847 3800133 3802392 3803220 3805181 
0 2600000 2875 2873 1449 2880 2882 2867 2878 2865 3806176 3801280 3795183 3794882 3800159 3802420 3803268 3805203 
0 2610000 2879 2873 1454 2879 2883 2869 2881 2866 3806150 3801271 3795179 3794889 3800161 3802434 3803256 3805192 
0 2620000 2874 2869 1452 2878 2883 2867 2881 2865 3806200 3801276 3795150 3794907 3800144 3802440 3803248 3805226 
0 2630000 2884 2869 1452 2879 2882 2868 2879 2865 3806208 3801268 3795206 3794935 3800199 3802512 3803283 3805209 
0 2640000 2873 2869 1449 2879 2885 2866 2880 2864 3806237 3801318 3795232 3794920 3800190 3802528 3803300 3805263 
0 2650000 2874 2872 1451 2880 2882 2868 2879 2864 3806223 3801274 3795201 3794938 3800197 3802465 3803283 3805251 
0 2660000 2871 2871 1454 2878 2884 2867 2879 2865 3806236 3801286 3795230 3794908 3800176 3802480 3803295 3805244 
0 2670000 2874 2869 1448 2879 2883 2868 2880 2864 3806238 3801316 3795199 3794936 3800200 3802507 3803294 3805243 
0 2680000 2876 2870 1451 2878 2886 2867 2880 2864 3806215 3801295 3795221 3794901 3800158 3802492 3803283 3805238 
0 2690000 2876 2869 1452 2881 2885 2872 2879 2866 3806210 3801358 3795273 3794940 3800201 3802511 3803332 3805240 
0 2700000 2876 2870 1452 2878 2881 2868 2879 2866 3806264 3801376 3795272 3794936 3800252 3802533 3803330 3805298 
0 2710000 2874 2870 1450 2879 2883 2868 2879 2864 3806318 3801351 3795280 3794963 3800243 3802554 3803362 3805313 
0 2720000 2875 2871 1450 2881 2881 2869 2879 2865 3806238 3801326 3795270 3794977 3800269 3802534 3803344 3805272 
0 2730000 2871 2870 1451 2878 2882 2866 2879 2864 3806291 3801338 3795290 3794976 3800258 3802493 3803331 3805268 
0 2740000 2876 2871 1451 2878 2884 2868 2880 2865 3806280 3801381 3795298 3794988 3800293 3802542 3803394 3805316 
0 2750000 2874 2871 1452 2880 2883 2867 2879 2865 3806309 3801368 3795258 3794998 3800314 3802582 3803374 3805331 
0 2760000 2875 2869 1453 2880 2885 2868 2879 2864 3806278 3801408 3795274 3795024 3800300 3802588 3803387 3805329 
0 2770000 2875 2871 1453 2880 2884 2867 2880 2867 3806338 3801371 3795307 3794989 3800282 3802582 3803392 3805328 
0 2780000 2874 2871 1449 2881 2884 2867 2879 2866 3806342 3801393 3795327 3795030 3800289 3802631 3803416 3805384 
0 2790000 2877 2870 1451 2881 2883 2869 2880 2866 3806390 3801465 3795310 3795103 3800328 3802613 3803469 3805403 
0 2800000 2874 2870 1452 2882 2883 2869 2879 2865 3806431 3801529 3795403 3795132 3800357 3802654 3803501 3805457 
0 2810000 2874 2872 1449 2880 2884 2867 2880 2864 3806460 3801570 3795489 3795166 3800415 3802740 3803546 3805453 
0 2820000 2876 2872 1450 2882 2884 2869 2881 2865 3806472 3801549 3795470 3795179 3800449 3802725 3803554 3805508 
0 2830000 2876 2872 1452 2881 2882 2867 2881 2865 3806539 3801598 3795498 3795234 3800487 3802749 3803577 3805538 
0 2840000 2874 2869 1452 2878 2882 2867 2879 2865 3806511 3801613 3795528 3795231 3800496 3802765 3803591 3805552 
0 2850000 2877 2869 1450 2878 2886 2869 2880 2866 3806558 3801627 3795546 3795240 3800529 3802791 3803599 3805539 
0 2860000 2877 2871 1452 2879 2884 2868 2880 2865 3806538 3801573 3795525 3795236 3800542 3802776 3803618 3805556 
0 2870000 2876 2871 1452 2880 2883 2870 2879 2865 3806561 3801610 3795498 3795224 3800481 3802816 3803603 3805553 
0 2880000 2872 2872 1450 2881 2884 2870 2878 2865 3806573 3801636 3795523 3795245 3800513 3802807 3803612 3805594 
0 2890000 2877 2870 1451 2880 2883 2867 2880 2865 3806529 3801645 3795563 3795252 3800517 3802832 3803663 3805603 
0 2900000 2874 2869 1452 2879 2883 2868 2880 2865 3806571 3801651 3795561 3795255 3800552 3802821 3803681 3805593 
0 2910000 2874 2870 1451 2878 2884 2868 2879 2865 3806561 3801635 3795550 3795261 3800571 3802854 3803670 3805612 
0 2920000 2875 2870 1449 2879 2884 2868 2880 2864 3806552 3801637 3795561 3795263 3800540 3802855 3803636 3805586 
0 2930000 2877 2872 1449 2880 2883 2869 2879 2866 3806556 3801655 3795543 3795289 3800550 3802866 3803616 3805614 
0 2940000 2871 2872 1452 2879 2884 2868 2880 2864 3806549 3801622 3795545 3795259 3800535 3802813 3803693 3805608 
0 2950000 2875 2869 1451 2880 2883 2868 2880 2866 3806541 3801657 3795546 3795269 3800535 3802811 3803655 3805621 
0 2960000 2875 2871 1452 2879 2883 2869 2880 2865 3806582 3801622 3795518 3795268 3800534 3802861 3803661 3805545 
0 2970000 2876 2871 1451 2880 2882 2868 2879 2865 3806587 3801676 3795536 3795218 3800534 3802823 3803664 3805619 
0 2980000 2874 2871 1450 2878 2883 2868 2880 2865 3806607 3801682 3795572 3795248 3800544 3802875 3803689 3805633 
0 2990000 2876 2870 1451 2877 2883 2867 2879 2865 3806627 3801665 3795605 3795345 3800575 3802865 3803731 3805652 
0 3000000 2875 2869 1451 2881 2884 2867 2881 2866 3806624 3801676 3795583 3795296 3800568 3802887 3803752 3805631 
0 3010000 2871 2869 1453 2880 2884 2868 2879 2866 3806622 3801712 3795601 3795310 3800630 3802929 3803734 3805662 
0 3020000 2877 2870 1453 2880 2883 2869 2880 2866 3806604 3801689 3795600 3795339 3800632 3802880 3803705 3805654 
0 3030000 2874 2869 1450 2880 2884 2868 2880 2864 3806639 3801700 3795597 3795337 3800599 3802894 3803701 3805669 
0 3040000 2876 2870 1452 2881 2884 2870 2879 2866 3806663 3801719 3795592 3795357 3800602 3802943 3803748 3805681 
0 3050000 2875 2871 1451 2879 2882 2868 2880 2866 3806660 3801749 3795624 3795388 3800635 3802955 3803744 3805714 
0 3060000 2876 2871 1450 2880 2882 2867 2880 2866 3806670 3801732 3795647 3795353 3800677 3802946 3803789 3805692 
0 3070000 2874 2872 1451 2874 2882 2868 2877 2865 3806695 3801772 3795654 3795365 3800647 3802953 3803782 3805704 
0 3080000 2874 2871 1452 2878 2883 2867 2878 2865 3806701 3801752 3795650 3795410 3800684 3803003 3803823 3805724 
0 3090000 2875 2870 1449 2881 2885 2871 2879 2864 3806665 3801771 3795664 3795392 3800698 3802950 3803790 3805753 
0 3100000 2876 2872 1453 2880 2883 2869 2879 2865 3806674 3801765 3795695 3795389 3800673 3802968 3803837 3805749 
0 3110000 2878 2871 1451 2880 2883 2869 2878 2865 3806729 3801829 3795683 3795420 3800673 3802999 3803841 3805768 
0 3120000 2875 2868 1453 2881 2884 2868 2880 2865 3806758 3801808 3795730 3795421 3800719 3803027 3803855 3805761 
0 3130000 2875 2869 1451 2878 2883 2868 2879 2864 3806727 3801839 3795741 3795467 3800727 3803020 3803821 3805812 
0 3140000 2876 2869 1450 2878 2883 2868 2880 2865 3806752 3801854 3795731 3795447 3800716 3803011 3803831 3805781 
0 3150000 2876 2869 1453 2877 2884 2867 2878 2865 3806752 3801851 3795770 3795441 3800716 3803025 3803857 3805813 
0 3160000 2875 2871 1451 2880 2881 2869 2879 2866 3806782 3801837 3795726 3795468 3800725 3803067 3803876 3805833 
0 3170000 2875 2868 1451 2879 2884 2869 2879 2865 3806752 3801838 3795738 3795453 3800757 3803038 3803879 3805835 
0 3180000 2877 2870 1451 2881 2883 2869 2880 2866 3806728 3801876 3795737 3795465 3800751 3803048 3803891 3805809 
0 3190000 2876 2871 1453 2879 2883 2867 2881 2866 3806783 3801836 3795759 3795478 3800724 3803056 3803897 3805836 
0 3200000 2876 2871 1450 2878 2882 2868 2880 2866 3806791 3801849 3795788 3795485 3800756 3803075 3803923 3805828 
0 3210000 2877 2868 1448 2878 2881 2869 2879 2865 3806783 3801884 3795802 3795499 3800769 3803050 3803921 3805818 
0 3220000 2873 2871 1456 2878 2883 2868 2879 2865 3806775 3801905 3795764 3795492 3800732 3803074 3803951 3805839 
0 3230000 2874 2869 1450 2880 2883 2869 2880 2866 3806822 3801863 3795779 3795515 3800804 3803099 3803930 3805868 
0 3240000 2875 2870 1449 2880 2883 2871 2877 2863 3806802 3801884 3795773 3795528 3800798 3803083 3803904 3805834 
0 3250000 2877 2871 1451 2879 2883 2867 2880 2864 3806846 3801889 3795829 3795509 3800839 3803102 3803950 3805883 
0 3260000 2876 2871 1452 2880 2882 2868 2880 2866 3806835 3801955 3795844 3795578 3800825 3803136 3803969 3805905 
0 3270000 2880 2872 1451 2879 2885 2870 2881 2866 3806887 3801923 3795835 3795573 3800853 3803140 3803933 3805876 
0 3280000 2876 2869 1450 2879 2882 2868 2879 2864 3806875 3801929 3795871 3795565 3800862 3803159 3803982 3805907 
0 3290000 2877 2870 1453 2881 2885 2871 2879 2864 3806900 3801975 3795859 3795638 3800896 3803177 3804040 3805939 
0 3300000 2877 2871 1450 2879 2882 2867 2879 2866 3806860 3801992 3795870 3795584 3800838 3803164 3803964 3805925 
0 3310000 2877 2870 1450 2878 2885 2869 2880 2865 3806849 3801952 3795853 3795576 3800868 3803166 3804016 3805894 
0 3320000 2876 2871 1451 2881 2884 2868 2881 2865 3806899 3801994 3795891 3795600 3800850 3803157 3804014 3805961 
0 3330000 2876 2873 1451 2880 2883 2869 2881 2864 3806955 3801995 3795934 3795604 3800861 3803186 3804052 3806011 
0 3340000 2877 2870 1451 2881 2883 2870 2881 2865 3806914 3802015 3795897 3795652 3800928 3803213 3804026 3805988 
0 3350000 2872 2870 1450 2880 2882 2867 2878 2865 3806947 3802042 3795964 3795673 3800926 3803220 3804070 3806019 
0 3360000 2877 2870 1452 2879 2886 2869 2878 2865 3806991 3802039 3795932 3795697 3800964 3803270 3804071 3806049 
0 3370000 2877 2870 1450 2879 2886 2867 2884 2864 3807003 3802119 3795995 3795711 3800982 3803295 3804121 3806060 
0 3380000 2877 2869 1451 2878 2884 2869 2880 2865 3807027 3802102 3796021 3795735 3801041 3803319 3804135 3806063 
0 3390000 2876 2870 1453 2881 2883 2869 2878 2865 3807050 3802105 3796048 3795766 3801018 3803292 3804156 3806085 
0 3400000 2874 2870 1452 2880 2884 2869 2880 2865 3807072 3802191 3796073 3795768 3801049 3803330 3804175 3806108 
0 3410000 2874 2871 1451 2880 2883 2869 2879 2865 3807105 3802164 3796079 3795798 3801082 3803368 3804189 3806095 
0 3420000 2876 2871 1451 2881 2881 2868 2878 2864 3807127 3802209 3796077 3795841 3801094 3803376 3804262 3806190 
0 3430000 2874 2868 1452 2879 2886 2871 2878 2866 3807112 3802219 3796127 3795810 3801113 3803437 3804268 3806190 
0 3440000 2876 2869 1449 2880 2885 2868 2881 2865 3807147 3802209 3796164 3795863 3801130 3803417 3804262 3806191 
0 3450000 2875 2871 1452 2879 2884 2867 2880 2864 3807181 3802285 3796160 3795911 3801200 3803464 3804288 3806191 
0 3460000 2876 2872 1452 2881 2883 2870 2879 2866 3807220 3802255 3796178 3795866 3801161 3803454 3804327 3806269 
0 3470000 2874 2871 1450 2879 2884 2868 2880 2865 3807220 3802161 3796137 3795860 3801170 3803481 3804327 3806269 
0 3480000 2877 2871 1449 2878 2883 2868 2880 2864 3807206 3802267 3796207 3795885 3801180 3803493 3804318 3806196 
0 3490000 2874 2870 1451 2881 2884 2867 2880 2865 3807218 3802255 3796170 3795904 3801176 3803498 3804306 3806234 
0 3500000 2876 2870 1453 2879 2885 2868 2879 2865 3807153 3802284 3796231 3795924 3801158 3803485 3804321 3806257 
0 3510000 2876 2870 1451 2881 2885 2869 2880 2866 3807213 3802319 3796199 3795925 3801201 3803524 3804326 3806243 
0 3520000 2877 2872 1453 2880 2883 2869 2879 2864 3807212 3802301 3796217 3795938 3801233 3803524 3804380 3806267 
0 3530000 2880 2871 1451 2879 2882 2869 2881 2866 3807230 3802337 3796208 3795946 3801235 3803534 3804362 3806329 
0 3540000 2875 2870 1452 2880 2885 2868 2882 2865 3807282 3802349 3796262 3795976 3801265 3803548 3804399 3806303 
0 3550000 2876 2872 1449 2879 2883 2869 2880 2865 3807289 3802324 3796270 3795982 3801208 3803546 3804358 3806289 
0 3560000 2882 2871 1449 2881 2882 2869 2880 2865 3807248 3802346 3796274 3795950 3801249 3803568 3804399 3806309 
0 3570000 2876 2869 1454 2880 2885 2869 2876 2865 3807245 3802344 3796253 3795962 3801224 3803551 3804408 3806300 
0 3580000 2876 2870 1451 2880 2883 2869 2880 2866 3807284 3802352 3796258 3795985 3801285 3803591 3804400 3806343 
0 3590000 2875 2869 1451 2880 2885 2870 2880 2864 3807274 3802376 3796273 3795978 3801247 3803555 3804394 3806343 
0 3600000 2877 2870 1452 2881 2885 2870 2879 2866 3807312 3802347 3796268 3796035 3801267 3803591 3804378 3806323 
0 3610000 2876 2872 1452 2881 2886 2868 2882 2866 3807288 3802393 3796303 3796012 3801266 3803578 3804393 3806318 
0 3620000 2876 2869 1455 2878 2884 2870 2881 2865 3807301 3802400 3796302 3796035 3801294 3803598 3804398 3806377 
0 3630000 2875 2869 1451 2880 2884 2868 2880 2865 3807304 3802356 3796327 3796026 3801321 3803575 3804377 3806320 
0 3640000 2874 2868 1453 2880 2884 2869 2877 2864 3807318 3802373 3796280 3796025 3801284 3803578 3804366 3806389 
0 3650000 2877 2871 1451 2880 2882 2868 2879 2865 3807305 3802395 3796302 3795983 3801271 3803590 3804429 3806346 
0 3660000 2874 2872 1452 2879 2883 2867 2879 2864 3807259 3802363 3796271 3795980 3801269 3803586 3804377 3806327 
0 3670000 2878 2871 1452 2881 2883 2871 2879 2866 3807282 3802353 3796312 3796018 3801263 3803574 3804414 3806326 
0 3680000 2876 2872 1451 2879 2885 2868 2879 2865 3807292 3802346 3796251 3795992 3801334 3803560 3804439 3806310 
0 3690000 2876 2867 1450 2878 2884 2869 2882 2866 3807260 3802376 3796300 3796031 3801265 3803565 3804404 3806349 
0 3700000 2876 2869 1449 2879 2883 2869 2880 2866 3807314 3802385 3796260 3796017 3801313 3803588 3804405 3806353 
0 3710000 2877 2874 1453 2880 2885 2869 2881 2866 3807303 3802392 3796302 3796050 3801301 3803606 3804448 3806338 
0 3720000 2876 2871 1451 2880 2882 2869 2879 2865 3807309 3802410 3796317 3796014 3801322 3803589 3804380 3806329 
0 3730000 2872 2872 1452 2881 2883 2868 2880 2864 3807325 3802385 3796297 3796039 3801318 3803606 3804449 3806347 
0 3740000 2878 2870 1457 2880 2884 2869 2879 2865 3807307 3802399 3796303 3796021 3801287 3803611 3804426 3806387 
0 3750000 2876 2872 1453 2877 2882 2867 2879 2866 3807344 3802426 3796305 3796002 3801317 3803604 3804429 3806366 
0 3760000 2875 2872 1450 2880 2885 2869 2881 2864 3807310 3802375 3796314 3796006 3801313 3803629 3804418 3806374 
0 3770000 2877 2870 1450 2879 2882 2868 2880 2866 3807300 3802420 3796299 3796039 3801305 3803632 3804434 3806392 
0 3780000 2875 2871 1452 2880 2885 2868 2879 2865 3807316 3802387 3796331 3796007 3801311 3803614 3804444 3806393 
0 3790000 2877 2873 1452 2880 2883 2868 2880 2865 3807345 3802382 3796340 3796047 3801329 3803605 3804446 3806403 
0 3800000 2876 2870 1452 2880 2881 2868 2879 2865 3807320 3802428 3796363 3796033 3801345 3803620 3804476 3806381 
0 3810000 2874 2870 1450 2879 2883 2868 2880 2866 3807338 3802437 3796323 3796065 3801338 3803617 3804476 3806409 
0 3820000 2875 2871 1450 2879 2883 2868 2879 2864 3807348 3802442 3796345 3796065 3801324 3803631 3804500 3806388 
0 3830000 2877 2870 1452 2879 2885 2870 2881 2865 3807337 3802446 3796338 3796086 3801336 3803674 3804496 3806439 
0 3840000 2874 2871 1451 2884 2881 2870 2881 2865 3807372 3802438 3796342 3796079 3801321 3803645 3804449 3806376 
0 3850000 2873 2870 1452 2880 2885 2872 2879 2866 3807297 3802403 3796331 3796043 3801305 3803663 3804462 3806358 
0 3860000 2878 2871 1453 2878 2884 2867 2879 2867 3807332 3802393 3796316 3796053 3801302 3803638 3804470 3806401 
0 3870000 2875 2869 1453 2880 2885 2869 2880 2865 3807333 3802425 3796332 3796061 3801334 3803672 3804483 3806399 
0 3880000 2876 2871 1453 2881 2884 2869 2879 2867 3807337 3802461 3796384 3796087 3801361 3803672 3804529 3806420 
0 3890000 2874 2870 1449 2881 2883 2868 2880 2866 3807405 3802468 3796428 3796112 3801428 3803683 3804554 3806476 
0 3900000 2875 2871 1450 2878 2884 2869 2880 2865 3807401 3802501 3796429 3796143 3801448 3803699 3804577 3806475 
0 3910000 2875 2868 1450 2878 2883 2868 2879 2865 3807441 3802512 3796467 3796149 3801417 3803761 3804562 3806529 
0 3920000 2873 2870 1452 2879 2885 2871 2881 2866 3807449 3802537 3796442 3796194 3801499 3803772 3804605 3806540 
0 3930000 2877 2870 1452 2880 2884 2869 2881 2867 3807462 3802549 3796437 3796173 3801468 3803777 3804596 3806519 
0 3940000 2878 2869 1449 2878 2882 2869 2881 2866 3807509 3802581 3796520 3796257 3801499 3803828 3804628 3806613 
0 3950000 2877 2871 1450 2880 2883 2870 2879 2866 3807532 3802583 3796507 3796256 3801553 3803831 3804650 3806623 
0 3960000 2875 2871 1451 2880 2884 2870 2880 2865 3807567 3802642 3796544 3796286 3801554 3803850 3804705 3806608 
0 3970000 2877 2870 1450 2878 2884 2868 2882 2865 3807610 3802682 3796559 3796294 3801536 3803865 3804705 3806629 
0 3980000 2875 2870 1450 2880 2881 2867 2879 2865 3807564 3802630 3796586 3796307 3801579 3803902 3804735 3806631 
0 3990000 2876 2875 1455 2880 2887 2869 2879 2865 3807605 3802679 3796586 3796316 3801590 3803903 3804726 3806669 
0 4000000 2877 2872 1452 2881 2885 2869 2880 2866 3807616 3802687 3796635 3796332 3801584 3803927 3804777 3806664 
0 4010000 2880 2870 1449 2880 2883 2869 2881 2865 3807635 3802712 3796632 3796340 3801625 3803898 3804772 3806672 
0 4020000 2875 2871 1450 2881 2883 2869 2881 2866 3807617 3802698 3796621 3796362 3801663 3803968 3804795 3806743 
0 4030000 2874 2871 1454 2882 2883 2870 2880 2867 3807714 3802750 3796681 3796404 3801713 3803987 3804799 3806765 
0 4040000 2876 2872 1450 2881 2885 2869 2880 2864 3807736 3802819 3796752 3796463 3801759 3804054 3804872 3806790 
0 4050000 2876 2870 1451 2880 2883 2867 2879 2865 3807752 3802890 3796766 3796477 3801800 3804084 3804952 3806868 
0 4060000 2877 2870 1452 2879 2883 2871 2878 2866 3807827 3802896 3796814 3796507 3801819 3804117 3804944 3806877 
0 4070000 2876 2871 1450 2880 2884 2868 2880 2866 3807872 3802937 3796819 3796545 3801842 3804154 3804990 3806902 
0 4080000 2876 2872 1451 2881 2885 2869 2881 2865 3807843 3802946 3796869 3796609 3801923 3804180 3804965 3806926 
0 4090000 2875 2872 1450 2880 2884 2869 2880 2867 3807934 3802969 3796888 3796636 3801943 3804244 3805041 3806948 
0 4100000 2874 2872 1452 2881 2883 2869 2880 2867 3807952 3802991 3796957 3796613 3801921 3804204 3805061 3806974 
0 4110000 2874 2871 1450 2880 2885 2869 2881 2866 3807938 3803016 3796900 3796628 3801955 3804228 3805045 3807010 
0 4120000 2876 2869 1449 2878 2882 2869 2879 2866 3807888 3802943 3796879 3796639 3801921 3804218 3805055 3806958 
0 4130000 2875 2871 1451 2880 2884 2869 2880 2865 3807981 3803033 3796965 3796687 3801974 3804257 3805060 3806990 
0 4140000 2875 2871 1450 2880 2884 2868 2881 2865 3808002 3803090 3797013 3796727 3801980 3804269 3805114 3807047 
0 4150000 2878 2869 1451 2880 2885 2867 2881 2865 3808005 3803099 3797012 3796721 3801968 3804264 3805139 3807087 
0 4160000 2876 2870 1451 2880 2882 2869 2880 2866 3807987 3803073 3797029 3796749 3801977 3804274 3805093 3807029 
0 4170000 2875 2871 1451 2881 2884 2870 2880 2866 3807982 3803140 3797043 3796740 3801988 3804316 3805121 3807054 
0 4180000 2877 2871 1455 2881 2885 2868 2881 2865 3808086 3803162 3797066 3796783 3802022 3804340 3805148 3807061 
0 4190000 2875 2871 1451 2880 2884 2867 2880 2866 3808091 3803163 3797077 3796811 3802065 3804343 3805187 3807108 
0 4200000 2873 2870 1453 2880 2885 2869 2878 2866 3808146 3803194 3797104 3796838 3802104 3804419 3805178 3807143 
0 4210000 2877 2871 1451 2882 2884 2870 2881 2865 3808121 3803219 3797138 3796825 3802085 3804396 3805199 3807125 
0 4220000 2875 2871 1451 2879 2884 2867 2880 2864 3808146 3803255 3797147 3796844 3802156 3804391 3805228 3807161 
0 4230000 2874 2870 1451 2881 2883 2868 2881 2866 3808207 3803273 3797185 3796893 3802091 3804411 3805244 3807185 
0 4240000 2874 2870 1452 2881 2885 2869 2879 2866 3808183 3803259 3797165 3796895 3802117 3804468 3805249 3807192 
0 4250000 2878 2871 1451 2880 2885 2868 2882 2865 3808221 3803276 3797224 3796913 3802134 3804472 3805279 3807225 
0 4260000 2878 2869 1450 2880 2882 2870 2880 2866 3808259 3803309 3797238 3796950 3802251 3804524 3805319 3807240 
0 4270000 2872 2871 1453 2879 2885 2869 2880 2866 3808253 3803326 3797266 3796968 3802228 3804573 3805324 3807276 
0 4280000 2875 2871 1451 2882 2885 2869 2880 2865 3808301 3803355 3797322 3796998 3802261 3804484 3805341 3807254 
0 4290000 2877 2869 1451 2879 2885 2869 2880 2865 3808300 3803398 3797308 3796972 3802302 3804521 3805367 3807301 
0 4300000 2874 2870 1452 2879 2884 2867 2880 2864 3808335 3803420 3797358 3797004 3802292 3804573 3805364 3807316 
0 4310000 2876 2875 1452 2882 2884 2869 2880 2865 3808301 3803331 3797325 3797021 3802270 3804559 3805395 3807331 
0 4320000 2875 2872 1451 2881 2885 2870 2880 2866 3808330 3803414 3797310 3797012 3802295 3804545 3805379 3807323 
0 4330000 2876 2868 1451 2880 2883 2869 2880 2866 3808339 3803398 3797329 3797052 3802290 3804579 3805383 3807377 
0 4340000 2876 2870 1453 2881 2885 2870 2879 2866 3808378 3803426 3797346 3797063 3802316 3804603 3805435 3807390 
0 4350000 2878 2869 1451 2881 2885 2870 2881 2866 3808369 3803407 3797372 3797052 3802345 3804572 3805389 3807377 
0 4360000 2876 2869 1451 2879 2883 2868 2880 2866 3808369 3803439 3797388 3797050 3802339 3804564 3805471 3807375 
0 4370000 2874 2871 1451 2883 2883 2869 2880 2865 3808368 3803427 3797391 3797058 3802328 3804564 3805426 3807365 
0 4380000 2877 2870 1453 2878 2883 2867 2879 2866 3808334 3803398 3797306 3797035 3802335 3804610 3805401 3807375 
0 4390000 2878 2870 1454 2879 2883 2868 2881 2866 3808289 3803368 3797308 3797004 3802295 3804549 3805346 3807291 
0 4400000 2875 2872 1450 2882 2882 2869 2881 2866 3808297 3803382 3797333 3797025 3802299 3804600 3805392 3807347 
0 4410000 2875 2871 1451 2881 2884 2869 2880 2866 3808351 3803415 3797298 3797030 3802317 3804588 3805408 3807385 
0 4420000 2876 2870 1451 2881 2884 2868 2881 2866 3808314 3803431 3797342 3797046 3802329 3804626 3805463 3807377 
0 4430000 2877 2871 1452 2880 2884 2869 2881 2866 3808349 3803399 3797328 3797005 3802338 3804613 3805431 3807389 
0 4440000 2875 2869 1452 2880 2884 2869 2880 2866 3808359 3803414 3797334 3797058 3802318 3804631 3805460 3807382 
0 4450000 2877 2871 1453 2879 2884 2868 2881 2867 3808337 3803410 3797363 3797057 3802354 3804648 3805471 3807376 
0 4460000 2876 2873 1449 2881 2885 2870 2881 2866 3808384 3803448 3797372 3797055 3802377 3804638 3805468 3807411 
0 4470000 2876 2871 1450 2881 2881 2869 2878 2865 3808367 3803469 3797335 3797080 3802358 3804639 3805472 3807446 
0 4480000 2876 2870 1453 2880 2885 2868 2879 2865 3808370 3803446 3797381 3797061 3802353 3804665 3805480 3807437 
0 4490000 2875 2872 1450 2882 2884 2870 2880 2867 3808358 3803462 3797372 3797073 3802389 3804657 3805510 3807463 
0 4500000 2878 2874 1453 2880 2885 2870 2881 2866 3808401 3803442 3797397 3797119 3802409 3804690 3805543 3807431 
0 4510000 2876 2871 1451 2880 2883 2870 2881 2866 3808374 3803483 3797373 3797132 3802364 3804712 3805515 3807463 
0 4520000 2875 2871 1453 2880 2884 2868 2881 2867 3808398 3803442 3797364 3797123 3802380 3804719 3805558 3807462 
0 4530000 2878 2870 1452 2879 2884 2870 2881 2866 3808407 3803458 3797385 3797110 3802425 3804707 3805537 3807482 
0 4540000 2875 2872 1450 2882 2881 2869 2881 2866 3808373 3803429 3797348 3797070 3802379 3804709 3805564 3807442 
0 4550000 2875 2869 1453 2878 2884 2867 2879 2865 3808401 3803447 3797328 3797054 3802354 3804672 3805489 3807468 
0 4560000 2877 2871 1452 2880 2884 2867 2880 2866 3808322 3803402 3797313 3797023 3802325 3804648 3805466 3807421 
0 4570000 2878 2872 1453 2879 2885 2870 2882 2866 3808292 3803357 3797254 3797024 3802303 3804631 3805465 3807395 
0 4580000 2876 2871 1451 2881 2883 2870 2881 2866 3808324 3803392 3797349 3797075 3802344 3804699 3805518 3807405 
0 4590000 2874 2869 1449 2881 2882 2870 2879 2866 3808348 3803382 3797277 3797005 3802292 3804623 3805494 3807422 
0 4600000 2876 2871 1454 2881 2884 2869 2881 2866 3808363 3803412 3797279 3797042 3802343 3804635 3805518 3807437 
0 4610000 2875 2871 1449 2880 2881 2868 2878 2865 3808379 3803429 3797371 3797092 3802417 3804686 3805537 3807455 
0 4620000 2874 2871 1451 2880 2884 2869 2880 2863 3808397 3803480 3797348 3797098 3802413 3804743 3805573 3807474 
