0 2150000 1290 1288 896 1299 1300 1285 1301 1281 1009418 1010964 1004865 1008378 1013488 1015707 1014898 1013642 
0 2160000 1293 1291 896 1302 1302 1289 1304 1285 1011251 1011845 1005887 1010178 1012847 1015064 1014109 1014419 
0 2170000 1292 1293 897 1302 1304 1289 1304 1284 1011682 1012811 1006796 1009864 1014958 1018175 1015960 1016451 
0 2180000 1293 1292 896 1302 1303 1287 1303 1285 1011580 1013129 1006739 1009788 1015010 1017499 1015544 1015232 
0 2190000 1292 1291 896 1303 1304 1289 1304 1284 1011342 1013458 1006607 1010157 1015271 1017929 1015453 1015489 
0 2200000 1292 1294 894 1303 1304 1289 1303 1284 1011084 1013188 1006433 1010283 1015425 1017939 1015343 1015420 
0 2210000 1293 1295 896 1301 1303 1290 1302 1285 1011100 1012995 1006375 1010037 1014922 1018060 1015301 1015500 
0 2220000 1295 1291 896 1304 1304 1292 1304 1286 1011069 1012921 1006412 1010158 1014968 1018081 1015109 1015460 
0 2230000 1296 1295 895 1303 1302 1292 1306 1286 1011123 1012944 1006488 1010776 1015427 1018210 1015214 1015851 
0 2240000 1295 1294 898 1302 1303 1291 1304 1286 1011224 1012827 1006312 1010545 1015865 1018589 1015317 1016060 
0 2250000 1293 1292 898 1305 1304 1289 1304 1285 1011079 1012609 1006188 1010829 1015952 1018418 1015235 1016081 
0 2260000 1295 1293 900 1304 1305 1291 1305 1286 1010715 1012446 1006035 1010161 1015404 1018160 1015192 1016075 
0 2270000 1293 1292 895 1304 1303 1291 1304 1287 1010671 1012206 1005800 1010314 1015353 1018240 1015369 1016017 
0 2280000 1293 1293 897 1305 1302 1290 1303 1286 1010635 1012360 1005745 1010176 1015199 1018166 1014719 1016050 
0 2290000 1296 1294 898 1302 1305 1289 1304 1287 1010579 1011999 1005521 1010120 1015211 1018255 1014811 1015889 
0 2300000 1296 1298 898 1304 1305 1292 1305 1287 1010333 1011910 1005386 1009983 1015519 1018236 1014905 1016040 
0 2310000 1293 1294 897 1305 1304 1292 1305 1287 1010316 1011979 1005376 1009795 1014670 1018093 1014671 1015988 
0 2320000 1296 1296 895 1304 1303 1291 1305 1286 1010371 1011659 1005374 1009944 1014567 1017908 1014620 1015468 
0 2330000 1294 1296 898 1306 1303 1291 1306 1287 1010136 1011545 1005227 1009669 1014605 1017888 1014614 1015504 
0 2340000 1292 1294 895 1304 1305 1292 1305 1285 1009937 1011597 1004864 1009691 1014816 1017845 1014396 1015511 
0 2350000 1295 1293 897 1303 1304 1292 1303 1287 1010015 1011285 1004932 1009532 1014549 1017718 1014026 1015390 
0 2360000 1294 1294 898 1304 1310 1290 1304 1286 1009536 1011266 1004753 1009292 1014816 1017472 1014195 1015320 
0 2370000 1293 1299 896 1305 1304 1290 1306 1286 1009564 1011046 1004730 1009402 1014114 1017328 1013880 1014924 
0 2380000 1294 1294 897 1304 1303 1292 1304 1288 1009535 1011002 1004588 1009205 1014274 1017434 1014044 1015080 
0 2390000 1295 1294 899 1304 1304 1292 1303 1286 1009463 1010761 1004493 1009296 1014295 1017526 1013911 1014856 
0 2400000 1296 1295 897 1304 1307 1292 1305 1287 1009513 1010818 1004695 1009028 1014106 1017301 1013784 1014986 
0 2410000 1296 1294 897 1305 1305 1291 1306 1287 1009202 1010739 1004448 1008986 1013726 1017131 1013853 1014774 
0 2420000 1296 1291 898 1304 1304 1293 1305 1286 1009293 1010712 1004314 1008844 1014199 1017354 1013496 1014610 
0 2430000 1295 1293 897 1305 1305 1292 1305 1286 1009048 1010653 1004161 1008683 1013990 1017139 1013340 1014656 
0 2440000 1293 1294 897 1304 1303 1289 1306 1287 1009092 1010430 1004310 1008536 1013830 1017019 1013180 1014334 
0 2450000 1294 1297 897 1305 1303 1293 1304 1286 1009207 1010544 1004215 1008649 1013587 1016859 1013360 1014323 
0 2460000 1295 1294 898 1303 1305 1291 1305 1286 1009236 1010447 1004156 1008458 1013468 1017234 1013369 1013995 
0 2470000 1295 1296 897 1307 1305 1294 1308 1287 1009148 1010471 1004002 1008961 1013887 1016849 1013418 1014356 
0 2480000 1296 1293 896 1307 1305 1293 1304 1287 1009285 1010548 1003589 1008265 1013666 1016922 1013028 1014193 
0 2490000 1295 1295 897 1304 1303 1292 1304 1286 1009044 1010336 1003968 1008987 1013739 1017044 1013195 1014708 
0 2500000 1296 1295 897 1305 1303 1291 1307 1288 1008936 1010291 1003789 1008445 1013792 1016609 1013218 1014480 
0 2510000 1294 1296 897 1304 1306 1292 1306 1289 1008992 1010102 1003820 1008778 1013366 1017133 1013348 1014453 
0 2520000 1294 1294 896 1303 1306 1293 1305 1287 1008821 1010173 1003625 1008887 1014035 1016906 1013139 1014212 
0 2530000 1297 1295 897 1306 1304 1293 1306 1287 1009042 1010176 1003660 1008620 1013625 1017202 1013406 1014293 
0 2540000 1298 1297 899 1306 1306 1294 1305 1287 1008843 1010038 1003645 1008509 1013589 1016744 1012771 1013868 
0 2550000 1295 1293 896 1305 1304 1293 1305 1287 1008748 1010051 1003828 1007495 1012502 1015239 1012717 1013310 
0 2560000 1296 1294 899 1306 1303 1294 1305 1289 1008723 1009915 1003690 1007136 1012413 1015627 1012740 1013681 
0 2570000 1296 1293 899 1301 1305 1293 1306 1287 1008633 1009890 1003570 1007650 1013010 1015921 1012569 1013053 
0 2580000 1297 1293 898 1306 1305 1292 1305 1287 1008552 1009818 1003507 1007295 1012396 1015120 1012473 1013092 
0 2590000 1295 1293 898 1306 1304 1293 1305 1287 1008497 1009624 1003365 1007287 1012480 1015255 1012606 1013243 
0 2600000 1298 1293 896 1305 1306 1294 1305 1288 1008426 1009834 1003606 1007185 1012391 1015918 1012437 1013549 
0 2610000 1295 1295 898 1304 1307 1291 1306 1289 1008502 1009932 1003595 1007356 1012492 1015386 1012729 1013365 
0 2620000 1295 1292 898 1307 1304 1292 1310 1288 1008517 1010073 1003473 1007933 1012671 1015381 1012416 1013125 
0 2630000 1296 1294 898 1306 1302 1292 1305 1288 1008475 1009717 1003584 1007021 1012373 1015240 1012556 1013433 
0 2640000 1295 1294 897 1306 1304 1294 1306 1289 1008482 1009955 1003720 1007513 1012482 1015509 1012516 1013119 
0 2650000 1295 1294 897 1306 1306 1295 1305 1286 1008639 1009974 1003512 1007612 1012254 1015791 1012305 1013193 
0 2660000 1297 1296 898 1306 1305 1294 1305 1288 1008750 1009963 1003706 1007350 1012368 1014963 1012417 1012642 
0 2670000 1295 1295 897 1306 1303 1292 1306 1287 1008433 1009831 1003598 1007119 1012485 1015650 1012530 1012640 
0 2680000 1296 1298 897 1304 1305 1293 1306 1286 1008692 1009990 1003692 1007119 1012465 1015868 1012581 1013378 
0 2690000 1295 1293 897 1307 1306 1294 1306 1288 1008935 1010108 1003815 1007545 1012939 1015767 1012560 1013643 
0 2700000 1296 1295 900 1306 1302 1293 1304 1287 1008818 1010095 1003805 1007437 1012590 1014947 1012706 1013681 
0 2710000 1289 1293 897 1306 1306 1293 1305 1287 1008951 1010102 1003999 1007404 1012675 1015442 1012663 1013279 
0 2720000 1297 1294 897 1306 1305 1293 1305 1287 1009138 1010375 1004088 1007420 1012777 1015464 1012636 1013223 
0 2730000 1294 1294 898 1302 1306 1293 1305 1288 1009446 1011052 1004411 1008129 1012996 1016040 1013035 1013514 
0 2740000 1296 1295 896 1306 1304 1293 1306 1288 1009658 1011280 1004420 1008998 1013719 1017627 1013078 1014730 
0 2750000 1298 1297 899 1307 1307 1295 1305 1287 1009592 1011256 1004567 1009204 1013695 1017592 1012994 1014680 
0 2760000 1296 1293 897 1306 1306 1294 1305 1287 1009365 1011295 1004433 1009574 1013941 1017235 1012990 1015022 
0 2770000 1295 1294 898 1308 1306 1294 1306 1288 1009646 1011159 1004484 1008982 1013772 1017861 1013205 1014599 
0 2780000 1297 1292 897 1304 1303 1296 1305 1288 1009438 1011322 1004597 1008952 1013740 1016525 1013073 1013462 
0 2790000 1294 1294 895 1304 1304 1291 1305 1286 1008184 1010066 1003480 1007207 1012510 1015170 1012409 1012697 
0 2800000 1297 1291 897 1303 1304 1291 1305 1287 1008003 1010376 1003500 1006429 1011417 1014905 1011969 1012265 
0 2810000 1295 1293 895 1305 1304 1291 1306 1287 1007708 1010133 1003077 1006602 1011661 1014525 1011710 1011993 
0 2820000 1297 1294 897 1303 1305 1291 1306 1287 1007527 1009929 1002928 1006264 1011155 1014248 1011545 1011787 
0 2830000 1296 1295 896 1306 1307 1292 1306 1288 1007684 1010199 1003455 1007362 1011960 1015125 1012160 1012625 
0 2840000 1295 1291 900 1304 1303 1292 1304 1287 1007562 1010309 1003410 1006742 1011815 1014507 1012303 1012385 
0 2850000 1299 1293 896 1306 1304 1292 1304 1287 1007948 1009968 1003526 1006883 1011953 1014348 1011620 1011804 
0 2860000 1296 1292 898 1307 1304 1292 1305 1286 1007416 1009670 1003214 1006665 1011836 1014010 1011620 1011601 
0 2870000 1296 1295 898 1304 1302 1291 1304 1286 1007556 1009708 1003171 1006534 1011680 1013747 1011626 1011519 
0 2880000 1295 1291 896 1302 1303 1291 1304 1286 1007405 1009689 1003132 1006554 1011642 1013779 1011800 1011612 
0 2890000 1295 1292 895 1304 1303 1287 1302 1286 1007563 1009642 1003506 1006516 1011804 1013927 1011879 1011692 
0 2900000 1293 1292 896 1305 1304 1290 1303 1286 1007277 1009676 1003154 1006939 1011795 1013868 1011896 1011790 
0 2910000 1297 1294 898 1304 1304 1293 1304 1286 1008262 1009945 1003730 1007152 1012089 1014649 1012127 1012448 
0 2920000 1293 1292 898 1303 1305 1290 1304 1286 1008356 1010013 1004029 1006843 1011921 1014206 1011998 1012107 
0 2930000 1294 1293 898 1301 1302 1289 1303 1287 1008296 1010219 1003933 1006775 1011986 1014163 1012079 1012230 
0 2940000 1294 1293 897 1304 1303 1290 1303 1286 1008315 1010320 1003972 1006786 1011962 1014185 1012167 1012205 
0 2950000 1295 1291 896 1304 1303 1290 1303 1285 1008280 1010316 1003931 1006732 1012044 1014146 1012256 1012140 
0 2960000 1295 1297 895 1302 1302 1290 1305 1285 1008458 1010359 1003916 1006884 1012128 1014418 1012316 1012306 
0 2970000 1295 1292 897 1302 1303 1289 1303 1285 1008571 1010504 1004138 1006895 1012191 1014381 1012469 1012405 
0 2980000 1295 1292 896 1303 1304 1291 1304 1285 1008782 1010674 1004179 1007084 1012391 1014583 1012564 1012426 
0 2990000 1295 1292 896 1305 1302 1292 1303 1286 1008776 1010650 1004221 1007254 1012491 1014635 1012650 1012570 
0 3000000 1295 1293 897 1304 1306 1290 1306 1286 1008856 1010823 1004311 1007207 1012499 1014519 1012669 1012562 
0 3010000 1294 1295 897 1303 1304 1293 1306 1285 1008931 1010826 1004335 1007324 1012536 1014684 1012684 1012600 
0 3020000 1294 1293 896 1305 1303 1291 1306 1286 1009044 1010793 1004427 1007342 1012629 1014629 1012787 1012707 
0 3030000 1294 1292 896 1302 1304 1288 1303 1285 1009077 1010804 1004313 1007407 1012684 1014933 1012896 1012858 
0 3040000 1295 1292 896 1304 1302 1289 1303 1286 1009214 1011113 1004538 1007443 1012697 1014889 1012932 1012892 
0 3050000 1295 1292 899 1303 1301 1291 1303 1286 1009177 1011031 1004611 1007541 1012790 1014939 1012974 1012822 
0 3060000 1293 1293 898 1302 1305 1290 1305 1285 1009291 1011176 1004649 1007560 1012735 1014866 1013028 1012907 
0 3070000 1293 1294 896 1303 1305 1291 1307 1286 1009332 1011224 1004676 1007595 1012803 1014666 1013081 1012807 
0 3080000 1293 1294 894 1305 1304 1289 1306 1286 1009237 1011383 1004765 1007566 1012772 1015029 1013087 1012867 
0 3090000 1292 1292 897 1305 1304 1291 1305 1286 1009285 1011302 1004677 1007640 1012888 1015189 1013070 1012830 
0 3100000 1291 1294 898 1305 1305 1291 1304 1285 1009149 1011128 1004757 1007542 1012852 1015129 1013146 1013040 
0 3110000 1296 1292 899 1304 1305 1291 1305 1289 1009089 1011153 1004556 1007578 1012727 1014839 1012973 1012720 
0 3120000 1293 1290 896 1303 1303 1290 1305 1286 1009113 1011138 1004440 1007457 1012685 1014981 1012958 1012737 
0 3130000 1293 1293 897 1303 1304 1290 1304 1289 1009055 1011111 1004409 1007891 1012777 1014828 1012918 1012776 
0 3140000 1295 1294 896 1305 1303 1292 1306 1286 1009053 1011089 1004333 1007866 1012798 1014816 1012936 1012725 
0 3150000 1295 1292 897 1301 1304 1291 1305 1287 1008936 1011072 1004285 1007690 1012638 1014906 1012904 1012748 
0 3160000 1296 1292 897 1303 1306 1291 1305 1286 1008952 1011042 1004298 1007852 1012851 1014931 1013008 1012873 
0 3170000 1295 1295 896 1300 1304 1292 1304 1287 1008783 1011007 1004172 1007969 1012913 1014982 1013055 1013004 
0 3180000 1295 1292 896 1302 1303 1290 1304 1287 1008861 1011140 1004221 1008079 1013119 1014944 1012953 1012903 
0 3190000 1292 1291 897 1303 1302 1289 1303 1286 1008901 1011104 1004233 1007485 1012974 1014710 1013031 1012943 
0 3200000 1292 1292 897 1302 1304 1289 1304 1285 1008813 1011852 1004692 1007795 1013346 1014602 1013074 1012806 
0 3210000 1296 1293 897 1304 1304 1290 1305 1287 1008755 1011614 1004787 1007896 1013004 1014328 1012942 1012900 
0 3220000 1292 1293 895 1303 1305 1291 1304 1284 1008924 1011736 1004561 1007763 1012874 1014359 1012992 1012730 
0 3230000 1293 1291 897 1303 1304 1290 1304 1284 1008706 1011991 1004798 1008110 1013413 1014916 1012989 1012948 
0 3240000 1295 1292 894 1304 1303 1292 1303 1287 1008814 1012083 1004790 1008226 1013463 1014777 1013202 1013392 
0 3250000 1296 1293 896 1304 1304 1291 1304 1285 1008871 1012281 1004839 1008200 1013302 1014951 1013111 1013328 
0 3260000 1292 1291 896 1308 1302 1289 1304 1286 1008780 1012220 1005112 1008253 1013601 1014940 1013353 1013419 
0 3270000 1294 1293 900 1305 1305 1290 1305 1285 1009042 1012394 1004995 1008384 1013786 1015076 1013564 1013494 
0 3280000 1296 1293 896 1303 1304 1291 1306 1288 1009114 1012489 1005077 1008428 1013827 1015296 1013713 1013812 
0 3290000 1294 1295 897 1306 1305 1291 1304 1285 1009411 1013081 1005605 1009001 1013860 1015290 1013614 1013844 
0 3300000 1295 1292 897 1304 1305 1290 1306 1286 1009774 1014155 1005912 1009311 1014461 1015691 1013868 1014154 
0 3310000 1298 1293 898 1304 1303 1291 1305 1287 1010126 1014281 1005843 1009422 1014608 1015923 1014095 1014458 
0 3320000 1297 1294 897 1304 1305 1291 1307 1286 1010183 1014814 1006158 1009606 1014609 1016112 1014138 1014684 

0 3330000 1295 1291 896 1303 1303 1290 1305 1287 1010382 1014645 1006266 1009773 1014793 1016141 1014274 1014694 
0 3340000 1296 1291 897 1304 1304 1290 1303 1287 1010419 1014753 1006506 1010036 1014847 1016497 1014486 1014839 
0 3350000 1297 1291 897 1305 1305 1294 1306 1287 1010788 1014837 1006549 1010031 1015048 1016595 1014632 1015132 
0 3360000 1294 1293 897 1304 1306 1291 1307 1287 1010952 1015106 1006822 1010375 1015206 1016844 1014738 1015424 
0 3370000 1295 1292 897 1304 1305 1291 1305 1287 1010972 1015118 1006947 1010480 1015460 1017100 1014985 1015429 
0 3380000 1297 1294 896 1306 1307 1292 1306 1288 1011134 1015416 1007015 1010597 1015623 1017325 1015233 1015767 
0 3390000 1295 1293 896 1305 1303 1291 1304 1286 1011554 1015575 1007477 1010832 1016049 1017383 1015665 1015911 
0 3400000 1296 1293 896 1304 1303 1291 1305 1286 1011662 1016199 1007708 1011168 1016389 1017649 1015869 1016133 
0 3410000 1299 1292 898 1305 1307 1291 1305 1290 1011635 1015871 1007778 1011259 1016453 1017833 1016151 1016238 
0 3420000 1297 1294 893 1304 1305 1291 1305 1287 1011872 1016269 1007834 1011409 1016559 1017981 1016333 1016507 
0 3430000 1296 1297 898 1305 1305 1290 1305 1287 1011936 1016414 1008148 1011730 1016602 1017989 1016288 1016602 
0 3440000 1297 1293 898 1305 1306 1292 1304 1287 1012088 1016673 1008288 1011740 1016913 1018255 1016453 1016631 
0 3450000 1295 1293 897 1305 1306 1292 1305 1287 1012225 1016959 1008458 1011906 1017047 1018394 1016730 1016927 
0 3460000 1293 1295 896 1305 1307 1290 1306 1286 1012556 1017653 1008700 1012118 1017210 1018300 1016786 1017004 
0 3470000 1297 1294 898 1306 1303 1292 1304 1286 1012662 1017385 1008845 1012356 1017362 1018567 1016909 1017149 
0 3480000 1295 1292 896 1305 1304 1292 1305 1288 1012832 1017449 1009123 1012396 1017405 1018702 1017105 1017271 
0 3490000 1296 1292 897 1307 1304 1292 1305 1287 1013009 1017932 1008541 1012527 1017562 1018767 1017189 1017431 
0 3500000 1296 1296 897 1307 1305 1293 1305 1287 1013106 1018062 1008800 1012653 1017664 1018837 1017287 1017541 
0 3510000 1298 1294 898 1304 1305 1292 1306 1287 1013193 1018015 1008886 1012749 1017865 1019143 1017398 1017664 
0 3520000 1297 1293 895 1307 1304 1294 1305 1288 1013393 1019050 1009079 1012626 1017677 1019287 1017492 1017801 
0 3530000 1296 1295 898 1304 1307 1294 1307 1286 1014525 1018889 1009147 1012700 1017859 1019433 1017560 1017903 
0 3540000 1297 1294 898 1305 1303 1292 1305 1287 1014707 1018685 1009365 1013308 1018167 1019528 1017641 1017886 
0 3550000 1297 1292 897 1306 1305 1292 1306 1286 1014828 1018131 1009530 1012789 1018585 1019835 1017715 1017916 
0 3560000 1296 1294 900 1306 1304 1290 1305 1287 1015140 1017548 1009473 1012718 1018369 1019853 1017686 1017934 
0 3570000 1296 1293 898 1303 1305 1291 1305 1287 1015219 1016387 1009681 1013216 1018829 1020089 1017832 1018199 
0 3580000 1296 1297 896 1308 1305 1292 1304 1287 1015142 1016379 1009733 1013146 1018707 1020161 1017860 1018019 
0 3590000 1294 1296 898 1305 1305 1292 1306 1286 1015092 1016367 1009782 1013183 1018874 1020179 1017917 1018353 
0 3600000 1297 1295 897 1304 1306 1294 1307 1287 1015314 1016373 1009828 1013260 1018834 1020022 1017910 1018250 
0 3610000 1296 1294 895 1305 1305 1291 1305 1286 1015422 1016429 1009840 1014085 1020270 1020463 1018085 1018552 
0 3620000 1293 1294 898 1304 1309 1288 1304 1287 1015501 1016194 1009763 1014323 1020543 1020756 1018480 1018498 
0 3630000 1298 1300 899 1306 1304 1292 1306 1289 1015759 1016210 1009740 1014507 1020633 1020945 1018418 1018487 
0 3640000 1296 1296 899 1305 1305 1292 1306 1287 1015993 1016248 1009503 1014621 1020640 1021029 1018541 1018494 
0 3650000 1297 1295 897 1306 1305 1292 1307 1287 1016171 1016364 1010115 1014622 1020711 1021127 1018587 1018516 
0 3660000 1295 1295 896 1304 1305 1292 1306 1286 1016290 1016476 1010323 1014513 1020789 1020893 1019229 1018696 
0 3670000 1296 1294 897 1309 1308 1292 1306 1288 1017097 1017074 1009996 1014684 1020817 1021336 1019371 1018600 
0 3680000 1296 1297 899 1304 1305 1291 1304 1288 1017249 1017821 1009938 1014858 1020215 1021336 1019332 1018686 
0 3690000 1296 1293 898 1311 1306 1293 1305 1288 1017217 1017939 1009976 1014940 1020365 1021444 1019586 1018611 
0 3700000 1297 1296 897 1306 1305 1293 1307 1287 1017613 1017885 1010055 1014951 1020333 1021675 1019638 1018680 
0 3710000 1297 1297 898 1309 1305 1293 1306 1288 1019599 1024373 1009994 1015186 1020501 1021635 1019970 1018818 
0 3720000 1296 1295 899 1301 1307 1292 1306 1287 1019277 1024751 1009978 1015420 1020434 1021967 1020031 1019093 
0 3730000 1294 1296 898 1305 1308 1292 1305 1286 1019084 1024836 1009963 1015419 1020535 1022197 1020223 1019112 
0 3740000 1294 1295 897 1307 1305 1295 1308 1287 1018407 1025057 1009992 1015458 1020679 1022453 1020207 1019082 
0 3750000 1298 1294 900 1307 1306 1293 1307 1287 1018064 1027913 1010192 1015702 1020975 1022662 1020306 1019345 
0 3760000 1298 1295 898 1308 1305 1293 1305 1288 1017877 1028706 1010199 1015600 1020922 1022884 1020382 1019425 
0 3770000 1297 1295 898 1307 1307 1294 1307 1287 1017830 1029798 1010161 1016042 1021257 1024428 1020566 1019411 
0 3780000 1297 1294 899 1306 1306 1293 1307 1288 1017746 1031486 1010247 1016171 1021389 1024922 1020643 1019880 
0 3790000 1296 1296 896 1308 1304 1292 1308 1288 1017601 1031905 1010328 1016214 1021828 1025038 1020810 1020044 
0 3800000 1297 1296 898 1308 1307 1294 1306 1287 1017763 1032140 1010313 1016067 1021764 1025292 1020922 1020108 
0 3810000 1296 1298 898 1306 1308 1293 1309 1288 1023395 1034699 1010748 1015883 1021921 1025036 1021032 1020199 
0 3820000 1299 1297 900 1309 1307 1294 1305 1288 1023942 1034615 1010940 1015465 1022093 1026560 1021322 1020557 
0 3830000 1296 1294 897 1307 1307 1293 1307 1289 1024186 1035420 1010948 1015332 1022187 1032558 1021589 1021008 
0 3840000 1297 1297 893 1308 1307 1294 1307 1287 1024228 1036198 1011079 1015232 1022424 1033218 1021808 1021316 
0 3850000 1301 1295 898 1307 1308 1293 1308 1286 1024196 1038445 1011149 1015235 1022479 1033512 1021820 1021414 
0 3860000 1299 1297 898 1308 1306 1292 1308 1288 1024260 1039233 1011278 1015320 1022620 1033853 1021905 1021462 
0 3870000 1297 1294 897 1309 1306 1293 1307 1288 1024492 1045686 1014362 1020329 1023063 1034885 1022242 1021516 
0 3880000 1296 1295 897 1309 1307 1295 1309 1287 1025599 1209273 1017208 1020598 1023086 1038025 1022356 1024004 
0 3890000 1297 1297 897 1308 1307 1292 1308 1287 1025143 1256477 1018060 1020638 1023177 1038582 1022649 1024223 
0 3900000 1297 1297 897 1306 1308 1294 1309 1288 1025845 1267611 1018407 1020855 1023396 1038590 1023011 1024770 
0 3910000 1304 1294 897 1309 1308 1293 1307 1288 1026421 1270986 1018899 1020839 1023420 1039533 1023471 1025314 
0 3920000 1297 1298 897 1304 1311 1294 1307 1287 1026549 1278416 1019891 1020980 1023570 1039686 1023490 1025264 
0 3930000 1298 1297 897 1307 1307 1293 1307 1288 1042571 1282917 1128268 1021059 1023689 1039761 1023624 1025503 
0 3940000 1297 1296 898 1306 1308 1292 1309 1288 1048204 1297236 1195118 1021155 1024001 1040411 1024070 1025962 
0 3950000 1297 1298 897 1305 1311 1294 1310 1288 1050506 1308980 1205633 1021196 1023888 1040568 1024289 1026423 
0 3960000 1300 1299 898 1309 1307 1293 1308 1289 1050600 1311654 1212331 1021252 1024005 1040600 1024443 1026546 
0 3970000 1299 1297 899 1307 1308 1294 1309 1289 1050860 1313764 1218246 1021429 1023623 1040443 1024431 1027231 
0 3980000 1297 1294 899 1306 1306 1293 1307 1289 1052926 1315844 1223824 1021530 1023628 1039824 1024992 1028062 
0 3990000 1296 1297 899 1306 1310 1295 1308 1288 1058972 1319825 1231269 1021513 1023725 1038339 1025087 1028063 
0 4000000 1300 1297 897 1307 1306 1294 1307 1288 1064564 1321671 1231379 1030592 1024286 1038002 1025326 1028277 
0 4010000 1297 1295 897 1306 1307 1294 1306 1289 1066445 1323314 1233294 1030969 1024249 1036211 1025651 1028447 
0 4020000 1298 1293 897 1307 1308 1294 1308 1288 1090511 1324989 1237435 1031083 1024156 1035829 1025787 1028780 
0 4030000 1297 1297 898 1306 1308 1294 1306 1287 1116424 1330191 1244648 1032151 1024749 1035299 1026213 1028922 
0 4040000 1296 1294 899 1307 1306 1294 1306 1287 1276068 1336787 1254149 1032853 1031750 1036587 1026314 1029021 
0 4050000 1295 1294 900 1307 1306 1294 1306 1287 1327690 1348319 1264428 1033823 1032325 1037548 1026752 1029771 
0 4060000 1298 1296 899 1304 1307 1292 1307 1286 1351398 1361449 1273847 1034241 1032658 1037698 1027210 1030276 
0 4070000 1298 1297 896 1306 1305 1293 1306 1287 1355554 1365686 1283682 1036318 1031346 1038740 1027372 1030619 
0 4080000 1296 1295 899 1304 1306 1293 1306 1285 1358588 1368798 1287957 1036692 1031089 1046527 1028651 1030834 
0 4090000 1298 1296 897 1304 1306 1293 1307 1286 1363505 1371453 1291934 1037601 1030885 1045857 1028593 1031370 
0 4100000 1298 1296 899 1304 1305 1295 1308 1286 1365557 1375724 1299970 1039260 1030229 1045429 1028451 1031702 
0 4110000 1296 1295 900 1305 1306 1294 1307 1286 1367318 1377565 1302683 1051619 1031029 1046466 1028614 1031666 
0 4120000 1291 1294 898 1306 1306 1296 1307 1286 1369089 1379605 1306937 1228069 1036473 1047299 1028728 1032535 
0 4130000 1296 1299 901 1308 1304 1295 1306 1285 1373836 1384718 1310338 1261202 1037817 1049210 1028618 1032810 
0 4140000 1289 1296 899 1306 1306 1294 1307 1285 1376786 1387411 1322124 1280403 1039219 1049338 1028864 1033093 
0 4150000 1299 1296 898 1313 1305 1296 1305 1287 1379431 1389936 1326155 1284476 1039462 1050437 1029130 1032929 
0 4160000 1299 1297 898 1313 1307 1294 1308 1286 1384013 1392078 1328440 1286890 1039573 1049592 1029304 1032469 
0 4170000 1298 1296 900 1315 1303 1295 1306 1287 1385782 1395926 1331988 1288874 1039569 1051318 1029385 1032148 
0 4180000 1301 1295 899 1318 1305 1296 1306 1283 1387639 1397467 1334055 1291638 1039528 1052191 1029363 1031662 
0 4190000 1306 1296 900 1317 1306 1295 1307 1288 1389448 1399225 1336660 1292227 1041017 1052922 1029555 1030462 
0 4200000 1305 1299 899 1319 1307 1297 1308 1287 1395919 1403604 1340432 1294467 1041761 1054315 1030827 1032598 
0 4210000 1310 1297 897 1322 1305 1295 1308 1286 1401918 1408151 1356296 1305486 1043416 1054898 1033123 1037037 
0 4220000 1312 1295 898 1324 1308 1295 1308 1287 1407173 1412695 1366723 1310123 1045101 1055397 1035937 1037707 
0 4230000 1316 1297 897 1323 1308 1297 1311 1287 1418176 1418195 1385734 1324299 1047654 1058750 1036213 1040994 
0 4240000 1317 1295 899 1326 1305 1298 1308 1290 1423095 1428656 1404012 1333065 1048997 1058933 1037464 1041148 
0 4250000 1316 1295 898 1329 1313 1295 1309 1289 1427085 1432731 1409088 1341733 1051431 1062953 1037849 1043288 
0 4260000 1312 1297 896 1328 1305 1295 1310 1287 1430438 1436303 1412848 1344741 1051835 1064236 1038936 1045332 
0 4270000 1317 1299 900 1331 1311 1296 1312 1288 1435895 1441916 1416230 1346917 1052766 1066835 1039293 1044757 
0 4280000 1319 1296 898 1334 1306 1299 1312 1290 1439158 1444953 1427462 1352671 1053357 1090329 1039527 1044672 
0 4290000 1319 1295 899 1333 1309 1292 1310 1289 1441922 1447779 1431240 1355260 1054674 1204914 1036724 1045619 
0 4300000 1317 1296 897 1335 1309 1293 1312 1287 1447875 1451364 1436432 1359501 1055591 1302222 1036664 1046038 
0 4310000 1322 1297 896 1513 1308 1294 1311 1289 1450803 1457635 1445141 1364560 1056264 1329388 1036895 1046694 
0 4320000 1322 1296 899 1536 1306 1293 1311 1290 1454117 1460667 1449161 1375095 1058547 1340502 1037089 1046282 
0 4330000 1325 1297 900 1549 1310 1294 1313 1291 1458444 1463854 1453640 1379580 1059426 1349933 1037220 1046911 
0 4340000 1327 1297 899 1556 1312 1293 1312 1293 1465472 1469461 1461134 1383403 1059945 1353540 1037247 1046255 
0 4350000 1333 1296 899 1561 1332 1298 1320 1334 1467671 1472329 1469063 1389395 1060614 1356129 1037538 1047223 
0 4360000 1338 1322 907 1585 1543 1312 1537 1357 1470851 1478149 1475008 1392235 1061271 1359867 1039736 1046971 
0 4370000 1345 1327 907 1603 1579 1315 1592 1373 1481527 1487872 1487521 1395969 1061846 1362543 1039928 1047293 
0 4380000 1347 1328 909 1616 1589 1316 1604 1379 1486468 1501264 1504181 1399357 1062495 1365128 1040382 1046883 
0 4390000 1352 1327 908 1622 1607 1317 1615 1564 1490457 1505586 1509110 1405046 1062353 1367528 1040750 1046981 
0 4400000 1352 1329 910 1627 1631 1316 1634 1619 1495263 1510352 1513050 1407825 1062730 1372427 1041803 1047194 
0 4410000 1352 1332 910 1634 1641 1318 1644 1631 1502569 1518950 1517852 1410370 1063251 1374651 1041865 1046997 
0 4420000 1352 1330 910 1637 1646 1314 1650 1638 1505301 1522789 1524916 1414449 1063506 1376733 1041941 1047221 
0 4430000 1352 1329 912 1638 1650 1313 1654 1642 1507572 1525981 1527676 1416031 1063685 1379986 1042110 1047217 
0 4440000 1442 1333 915 1640 1654 1318 1660 1645 1511652 1528525 1530031 1417558 1063834 1381799 1042050 1046708 
0 4450000 1631 1332 918 1661 1661 1318 1664 1650 1514124 1534884 1536411 1419340 1063707 1383780 1042889 1055767 
0 4460000 1655 1335 917 1680 1669 1316 1669 1657 1518713 1540876 1544098 1457822 1414692 1389179 1280532 1079628 
0 4470000 1669 1504 936 1694 1679 1337 1677 1662 1525110 1549200 1554839 1480547 1450953 1406494 1392724 1082389 
0 4480000 1683 1654 923 1723 1707 1340 1687 1674 1540635 1568784 1565571 1497017 1469210 1414854 1409527 1100332 
0 4490000 1697 1674 929 1741 1717 1342 1698 1683 1547969 1577225 1585586 1519694 1482615 1421933 1421828 1154319 
0 4500000 1706 1683 928 1750 1724 1348 1705 1691 1555098 1584567 1594257 1532526 1512948 1442070 1431856 1348489 
0 4510000 1726 1698 1035 1761 1732 1349 1715 1697 1567671 1591036 1602072 1544542 1525828 1454322 1450812 1449281 
0 4520000 1749 1729 1070 1774 1741 1350 1738 1713 1574522 1611910 1621425 1555109 1535897 1464778 1460682 1461688 
0 4530000 1759 1744 1075 1787 1755 1346 1753 1723 1581076 1621421 1630989 1570758 1552499 1472630 1469945 1469687 
0 4540000 1769 1755 1078 1795 1761 1348 1762 1731 1586986 1628922 1638826 1576776 1559093 1482809 1483544 1475914 
0 4550000 1775 1762 1083 1801 1769 1377 1767 1739 1597207 1640247 1645257 1581949 1564214 1487278 1488227 1485114 
0 4560000 1782 1772 1081 1806 1779 1598 1772 1745 1601327 1644837 1655780 1590705 1569467 1490725 1492243 1489350 
0 4570000 1788 1789 1089 1821 1801 1719 1779 1754 1607053 1649939 1661797 1595682 1579129 1497656 1496803 1492821 
0 4580000 1796 1801 1089 1832 1819 1748 1789 1762 1612134 1655342 1667503 1599843 1583967 1500934 1507402 1499772 
0 4590000 1805 1809 1093 1838 1826 1757 1795 1772 1620890 1665019 1677896 1603907 1588302 1504114 1511096 1503298 
0 4600000 1806 1814 1093 1843 1833 1765 1800 1776 1624632 1669047 1681967 1610567 1595715 1507375 1514399 1507031 
0 4610000 1812 1819 1096 1847 1837 1766 1804 1780 1627952 1672557 1685578 1613853 1598902 1512641 1520154 1509841 
0 4620000 1814 1822 1097 1850 1840 1768 1809 1784 1633569 1675849 1688933 1616625 1601519 1514886 1523015 1514212 
0 4630000 1819 1825 1099 1854 1842 1775 1810 1787 1636158 1681418 1694622 1621716 1604293 1517192 1525388 1517015 
0 4640000 1818 1827 1099 1855 1846 1776 1813 1789 1638246 1683907 1696998 1624052 1608752 1521180 1528829 1518329 
0 4650000 1821 1827 1099 1860 1848 1779 1814 1791 1640551 1686206 1699400 1626029 1611023 1522537 1532706 1522028 
0 4660000 1824 1832 1099 1860 1848 1780 1815 1794 1644298 1690229 1703447 1627894 1612856 1523876 1534010 1523098 
0 4670000 1825 1832 1098 1864 1851 1781 1818 1794 1646093 1691972 1705264 1631602 1615942 1525163 1535423 1524468 
0 4680000 1823 1830 1099 1865 1853 1783 1818 1795 1647683 1693698 1706911 1633325 1617208 1528642 1537754 1525689 
0 4690000 1827 1836 1101 1864 1855 1784 1821 1794 1650955 1695138 1708644 1634680 1618842 1529639 1538900 1527830 
0 4700000 1829 1834 1103 1865 1856 1786 1822 1799 1652374 1698151 1711640 1637451 1619847 1530784 1539886 1529080 
0 4710000 1827 1837 1101 1866 1857 1787 1824 1800 1653769 1699474 1713067 1639021 1622927 1533394 1540553 1530080 
0 4720000 1829 1839 1104 1871 1860 1790 1827 1803 1654604 1702172 1716736 1641494 1625481 1536922 1545365 1533805 
0 4730000 1832 1843 1106 1870 1860 1791 1829 1805 1659037 1707403 1720991 1643840 1627502 1539236 1547380 1535303 
0 4740000 1836 1842 1104 1874 1864 1792 1835 1808 1661530 1709760 1727513 1648185 1631814 1540567 1549396 1536850 
0 4750000 1835 1844 1105 1875 1865 1794 1836 1808 1663542 1711386 1730252 1649404 1633350 1543746 1552233 1538362 
0 4760000 1837 1846 1107 1876 1865 1797 1837 1810 1667007 1712943 1732378 1651359 1635002 1545359 1553439 1541221 
0 4770000 1839 1846 1107 1874 1868 1795 1839 1812 1668565 1716020 1735764 1653092 1636265 1547236 1554628 1542352 
0 4780000 1840 1848 1106 1879 1869 1798 1839 1812 1670099 1717464 1737269 1656326 1638862 1549581 1555801 1543587 
0 4790000 1840 1847 1106 1883 1871 1799 1840 1813 1671564 1718969 1738708 1658041 1640501 1550866 1557944 1545863 
0 4800000 1842 1850 1109 1884 1866 1798 1840 1814 1674080 1721622 1739988 1659001 1641642 1552084 1558907 1546864 
0 4810000 1843 1849 1108 1882 1874 1800 1842 1815 1675133 1722907 1742309 1661177 1644167 1552909 1559963 1547654 
0 4820000 1845 1851 1107 1881 1874 1799 1843 1816 1676318 1724145 1743446 1662785 1644994 1555431 1561326 1548415 
0 4830000 1842 1852 1108 1883 1878 1798 1844 1815 1676297 1725325 1744489 1663990 1646186 1555922 1560989 1549863 
0 4840000 1842 1851 1110 1885 1873 1793 1843 1815 1675537 1726391 1744266 1663395 1644323 1554977 1559049 1549885 
0 4850000 1843 1849 1108 1885 1874 1797 1843 1816 1675943 1727086 1744860 1663449 1643981 1555366 1558812 1550400 
0 4860000 1843 1849 1107 1883 1873 1793 1844 1816 1676357 1727821 1745548 1663881 1644343 1555823 1559194 1551408 
0 4870000 1844 1851 1110 1885 1874 1796 1845 1816 1677435 1729445 1746309 1664222 1644821 1556326 1559868 1551832 
0 4880000 1843 1850 1107 1884 1873 1794 1845 1817 1678175 1730209 1747695 1665465 1645470 1556837 1560374 1552324 
0 4890000 1843 1851 1107 1884 1872 1793 1845 1817 1678955 1731166 1748435 1666175 1646895 1557939 1561644 1552680 
0 4900000 1845 1852 1108 1883 1874 1796 1848 1817 1680752 1731999 1749222 1667041 1647736 1558625 1565627 1553933 
0 4910000 1848 1851 1109 1885 1875 1794 1847 1818 1681621 1733943 1750918 1667991 1649016 1559229 1568122 1554529 
0 4920000 1847 1851 1110 1887 1878 1795 1847 1818 1682622 1734920 1751906 1669897 1651239 1559306 1569453 1555473 
0 4930000 1848 1854 1107 1886 1877 1795 1848 1818 1683565 1735900 1752840 1670761 1652101 1561533 1570958 1556947 
0 4940000 1849 1852 1109 1887 1878 1799 1850 1820 1685528 1737822 1753762 1671703 1653140 1562404 1571697 1557742 
0 4950000 1848 1855 1108 1888 1877 1798 1851 1822 1686484 1738803 1755429 1673627 1654042 1563267 1572315 1558615 
0 4960000 1850 1854 1109 1889 1880 1800 1849 1822 1687530 1739803 1756405 1674668 1656170 1565357 1573831 1559699 
0 4970000 1851 1855 1110 1889 1880 1799 1851 1823 1689567 1740775 1757457 1675617 1657131 1566262 1574601 1561569 
0 4980000 1851 1857 1111 1890 1881 1801 1852 1823 1690779 1742800 1759185 1676643 1658136 1567243 1575320 1562690 
0 4990000 1852 1857 1111 1891 1881 1802 1852 1824 1692053 1743800 1760207 1678747 1660120 1568271 1576045 1563767 
0 5000000 1853 1857 1111 1893 1880 1803 1852 1825 1693244 1744969 1761264 1679910 1661302 1570178 1577645 1565783 
0 5010000 1854 1859 1112 1893 1883 1804 1855 1827 1695575 1747227 1762297 1680912 1662450 1571048 1578312 1566774 
0 5020000 1854 1860 1113 1895 1883 1805 1857 1827 1696697 1748303 1764378 1682905 1663490 1571901 1579111 1567721 
0 5030000 1857 1861 1112 1894 1883 1805 1856 1828 1697749 1749301 1765346 1684044 1665428 1573584 1579848 1568635 
0 5040000 1857 1862 1112 1895 1887 1807 1859 1828 1699890 1750416 1766340 1685122 1666519 1574355 1581292 1570610 
0 5050000 1857 1860 1113 1897 1885 1807 1855 1829 1701014 1752608 1768531 1686146 1667559 1575307 1582208 1571573 
0 5060000 1859 1863 1111 1899 1886 1808 1858 1830 1702139 1753781 1769686 1688544 1669857 1576162 1582756 1572661 
0 5070000 1860 1862 1112 1899 1887 1811 1860 1831 1703273 1754898 1770847 1689809 1671100 1578159 1584262 1573257 
0 5080000 1861 1867 1113 1900 1888 1811 1860 1832 1705609 1757181 1772097 1690971 1672328 1579108 1585236 1575243 
0 5090000 1863 1866 1115 1901 1891 1812 1861 1832 1706825 1758363 1774821 1693270 1673442 1580215 1586312 1576098 
0 5100000 1862 1865 1115 1904 1891 1815 1861 1833 1707961 1759501 1776275 1694495 1676004 1582272 1587365 1576799 
0 5110000 1866 1869 1115 1905 1893 1816 1862 1834 1710479 1760757 1777738 1695691 1677245 1583229 1591478 1578455 
0 5120000 1866 1866 1115 1905 1894 1816 1863 1837 1711668 1763103 1780253 1697109 1678635 1584367 1592685 1579306 
0 5130000 1868 1868 1114 1906 1895 1819 1863 1836 1713208 1764498 1781488 1699874 1681294 1585611 1594147 1580342 
0 5140000 1869 1872 1112 1906 1896 1819 1867 1837 1714765 1766041 1782767 1701341 1682678 1588505 1596405 1581234 
0 5150000 1872 1873 1115 1907 1896 1820 1867 1838 1717749 1769045 1784084 1702848 1683957 1589847 1597702 1583680 
0 5160000 1871 1873 1116 1909 1898 1823 1870 1839 1719289 1770479 1786773 1705445 1685265 1591203 1598865 1584919 
0 5170000 1872 1875 1116 1909 1898 1823 1870 1840 1720661 1771821 1788275 1706766 1687797 1593988 1599967 1585979 
0 5180000 1870 1875 1115 1911 1900 1825 1870 1840 1722186 1773186 1789752 1708348 1689416 1595200 1604244 1588319 
0 5190000 1874 1878 1117 1911 1902 1825 1871 1842 1725115 1775896 1792472 1709654 1690665 1596158 1605588 1589444 
0 5200000 1874 1879 1117 1912 1902 1827 1874 1843 1726542 1777209 1793796 1712074 1692988 1597460 1606614 1590818 
0 5210000 1875 1878 1117 1915 1904 1828 1875 1844 1727947 1778460 1795226 1713618 1694294 1599677 1609233 1591743 
0 5220000 1877 1881 1120 1916 1903 1829 1875 1845 1731199 1779781 1796674 1714955 1695483 1601053 1610327 1593916 
0 5230000 1877 1882 1120 1917 1908 1830 1875 1845 1732655 1782385 1799350 1717569 1696725 1602373 1611456 1595104 
0 5240000 1879 1882 1118 1916 1907 1831 1877 1848 1734376 1783727 1801037 1719148 1699152 1604440 1612674 1596386 
0 5250000 1877 1884 1117 1917 1910 1834 1878 1848 1735715 1784912 1802263 1720176 1700338 1605990 1614791 1598994 
0 5260000 1878 1886 1120 1919 1909 1832 1878 1849 1739179 1787746 1805402 1721513 1701449 1607407 1616168 1600212 
0 5270000 1881 1888 1119 1919 1910 1833 1881 1850 1740770 1789163 1806858 1724245 1704121 1608827 1617581 1601417 
0 5280000 1885 1887 1119 1919 1913 1834 1882 1851 1742273 1790476 1808149 1725485 1705310 1611688 1620296 1602667 
0 5290000 1883 1889 1120 1922 1911 1836 1881 1852 1744966 1791667 1809400 1726893 1706562 1612933 1621447 1604945 
0 5300000 1886 1891 1120 1925 1915 1837 1884 1854 1746433 1794180 1812044 1729364 1707874 1614343 1622544 1606396 
0 5310000 1885 1890 1118 1924 1915 1838 1884 1855 1747886 1795505 1813472 1730565 1710134 1616939 1623698 1607453 
0 5320000 1886 1894 1122 1925 1918 1840 1886 1855 1749264 1796719 1814870 1731952 1711395 1618321 1625795 1609692 
0 5330000 1887 1893 1122 1928 1920 1840 1887 1857 1752268 1799369 1816238 1733236 1712700 1619595 1626792 1610884 
0 5340000 1888 1894 1123 1928 1919 1841 1886 1858 1753401 1800567 1818707 1735355 1714839 1620671 1627732 1612174 
0 5350000 1887 1895 1120 1927 1921 1842 1888 1858 1754558 1801578 1819975 1736677 1715812 1622719 1629172 1612928 
0 5360000 1888 1898 1122 1928 1921 1842 1887 1859 1757178 1802707 1821158 1737974 1716920 1623907 1630137 1614989 
0 5370000 1890 1897 1122 1930 1921 1843 1889 1861 1758514 1805074 1823759 1739008 1718020 1624946 1631045 1616263 
0 5380000 1891 1899 1122 1931 1922 1846 1889 1861 1759704 1806235 1824842 1741204 1720231 1627455 1632112 1617360 
0 5390000 1893 1897 1123 1932 1923 1847 1891 1862 1761085 1807318 1826170 1742706 1721500 1628699 1634098 1619635 
0 5400000 1894 1899 1124 1932 1925 1847 1892 1863 1764118 1809931 1827462 1743874 1722634 1630258 1635319 1620639 
0 5410000 1893 1901 1122 1933 1924 1848 1895 1864 1765566 1811233 1830187 1746730 1725086 1631654 1636512 1622122 
0 5420000 1893 1902 1121 1936 1928 1851 1895 1865 1767549 1812821 1832144 1749430 1727431 1636365 1639666 1623547 
0 5430000 1896 1904 1126 1941 1928 1856 1896 1867 1773240 1814767 1834212 1751544 1729768 1638946 1641626 1628689 
0 5440000 1900 1907 1126 1939 1931 1857 1898 1871 1775877 1818858 1839133 1754117 1732109 1641707 1643636 1631743 
0 5450000 1901 1909 1125 1942 1932 1860 1902 1872 1778148 1820957 1841736 1758805 1736432 1646001 1645419 1634015 
0 5460000 1903 1909 1129 1942 1934 1861 1902 1875 1780538 1823093 1844096 1761163 1738786 1647680 1649047 1639279 
0 5470000 1906 1911 1128 1946 1937 1863 1904 1879 1784944 1827013 1846248 1763100 1740630 1650070 1650796 1642039 
0 5480000 1907 1915 1129 1949 1938 1865 1906 1879 1787138 1828869 1850555 1767092 1742559 1652387 1652579 1644636 
0 5490000 1907 1916 1129 1950 1942 1866 1907 1879 1789120 1830775 1852561 1768975 1746645 1656234 1655984 1647221 
0 5500000 1912 1919 1131 1951 1940 1868 1909 1881 1793007 1832660 1854444 1770879 1748394 1658158 1657681 1652215 
0 5510000 1913 1921 1132 1954 1942 1870 1911 1885 1795076 1836538 1858112 1772761 1750280 1660379 1659331 1654593 
0 5520000 1912 1923 1128 1957 1942 1871 1912 1885 1796981 1838254 1859913 1776458 1754169 1662278 1660928 1656885 
0 5530000 1915 1924 1133 1958 1945 1876 1913 1887 1798908 1839998 1861752 1778424 1756178 1666179 1664193 1661297 
0 5540000 1915 1925 1133 1961 1949 1876 1916 1889 1802822 1843718 1863617 1780291 1758038 1668145 1665348 1663486 
0 5550000 1917 1927 1134 1959 1949 1877 1918 1890 1804698 1845466 1867383 1784191 1760022 1670206 1666832 1665763 
0 5560000 1917 1927 1133 1961 1952 1881 1919 1891 1806586 1847133 1869137 1785925 1763700 1673897 1669662 1667870 
0 5570000 1922 1929 1135 1961 1951 1881 1919 1893 1809978 1848706 1870862 1787625 1765386 1675698 1671121 1671924 
0 5580000 1920 1930 1136 1965 1954 1882 1922 1895 1811603 1851700 1874067 1789262 1767064 1677359 1672508 1673803 
0 5590000 1921 1931 1134 1965 1954 1884 1922 1895 1813219 1853162 1875655 1792532 1770288 1679114 1673842 1675745 
0 5600000 1923 1932 1137 1966 1955 1886 1923 1896 1814882 1854632 1877115 1794021 1771851 1682475 1676325 1679454 
0 5610000 1928 1935 1137 1967 1960 1889 1924 1899 1817909 1857397 1878638 1795591 1773389 1684162 1677518 1681297 
0 5620000 1927 1934 1138 1967 1961 1887 1925 1899 1819414 1858712 1881482 1798387 1774945 1685890 1678818 1683074 
0 5630000 1929 1935 1137 1968 1960 1889 1928 1901 1820748 1859959 1882882 1799731 1777660 1688830 1679931 1684690 
0 5640000 1929 1940 1138 1970 1959 1890 1927 1902 1823572 1861184 1884254 1801092 1779019 1690294 1682282 1687726 
0 5650000 1930 1940 1139 1971 1964 1890 1930 1903 1824983 1863687 1886995 1802418 1780313 1691742 1683430 1689258 
0 5660000 1930 1938 1137 1973 1962 1892 1930 1904 1826369 1864965 1888286 1805018 1782817 1693056 1684596 1690690 
0 5670000 1930 1941 1139 1974 1964 1894 1931 1905 1827603 1866103 1889514 1806144 1784011 1695742 1686666 1693370 
0 5680000 1932 1945 1139 1975 1965 1894 1931 1906 1829861 1868399 1890672 1807385 1785146 1697100 1687715 1694581 
0 5690000 1933 1945 1142 1975 1967 1893 1932 1907 1831068 1869595 1893075 1809810 1786333 1698391 1688842 1695924 
0 5700000 1934 1943 1139 1977 1968 1896 1934 1907 1832304 1870747 1894252 1811022 1788649 1700898 1689861 1697158 
0 5710000 1937 1947 1141 1977 1966 1897 1934 1910 1834672 1871863 1895462 1812176 1789805 1702138 1691927 1699708 
0 5720000 1937 1947 1140 1978 1969 1898 1936 1910 1835765 1873998 1897690 1813239 1790816 1703102 1692789 1700779 
0 5730000 1937 1946 1143 1978 1970 1899 1936 1911 1836914 1875021 1898812 1815425 1792958 1704270 1693764 1701993 
0 5740000 1938 1949 1142 1978 1972 1900 1937 1911 1838098 1876050 1899899 1816514 1793988 1706492 1695660 1703122 
0 5750000 1938 1951 1141 1982 1972 1902 1938 1914 1840629 1878132 1901087 1817651 1795135 1707682 1696685 1705465 
0 5760000 1938 1949 1142 1983 1974 1904 1938 1912 1841793 1879152 1903433 1819900 1796199 1708761 1697652 1706559 
0 5770000 1941 1950 1141 1982 1975 1904 1941 1913 1842937 1880171 1904521 1820996 1798316 1710973 1698593 1707693 
0 5780000 1942 1952 1143 1979 1973 1904 1940 1915 1844060 1881258 1905591 1822027 1799325 1712088 1700441 1709835 
0 5790000 1943 1951 1144 1984 1976 1905 1941 1915 1846170 1883210 1907659 1823051 1800345 1713124 1701327 1710878 
0 5800000 1943 1952 1141 1984 1977 1904 1942 1917 1847164 1884162 1908647 1825116 1802281 1714192 1702188 1711889 
0 5810000 1942 1954 1144 1985 1976 1905 1942 1917 1848177 1885116 1909527 1826147 1803288 1716255 1703940 1712908 
0 5820000 1944 1954 1144 1986 1978 1908 1946 1919 1850226 1886975 1910543 1827190 1804263 1717261 1704875 1715004 
0 5830000 1946 1956 1143 1988 1978 1908 1946 1920 1851215 1887890 1912438 1829168 1805226 1718250 1705695 1715955 
0 5840000 1946 1956 1145 1988 1980 1909 1946 1920 1852217 1888849 1913407 1830113 1807115 1720239 1706555 1716928 
0 5850000 1946 1957 1144 1988 1980 1908 1947 1920 1853222 1889744 1914349 1831141 1808013 1721237 1709560 1718905 
0 5860000 1948 1957 1144 1990 1981 1910 1946 1922 1855139 1891620 1916297 1831894 1808934 1722084 1712669 1719987 
0 5870000 1946 1959 1143 1989 1981 1910 1947 1922 1856163 1892508 1917259 1833771 1811024 1723099 1713949 1721049 
0 5880000 1947 1958 1146 1990 1982 1910 1948 1922 1857130 1893417 1918234 1834687 1811981 1724960 1715705 1722089 
0 5890000 1950 1960 1143 1992 1981 1911 1944 1924 1859120 1894305 1919150 1835674 1812901 1725979 1716550 1724079 
0 5900000 1949 1961 1148 1993 1984 1912 1950 1924 1860059 1896117 1921060 1837571 1813808 1726990 1717465 1725044 
0 5910000 1951 1961 1146 1993 1984 1917 1951 1925 1861071 1897054 1922018 1838518 1815680 1728942 1718286 1725971 
0 5920000 1949 1961 1146 1994 1986 1912 1951 1926 1862171 1897960 1922998 1839552 1816614 1729959 1720028 1728047 
0 5930000 1951 1964 1148 1995 1987 1914 1952 1927 1864130 1899753 1923939 1840491 1817487 1730899 1720820 1729010 
0 5940000 1953 1963 1148 1994 1986 1912 1952 1928 1865094 1900683 1925807 1842385 1819334 1731879 1721607 1730014 
0 5950000 1953 1965 1147 1996 1988 1917 1953 1927 1866131 1901582 1926803 1843381 1820314 1733832 1723220 1730966 
0 5960000 1954 1964 1145 1996 1988 1916 1954 1930 1868177 1902549 1927760 1844364 1821216 1734801 1723988 1732920 
0 5970000 1955 1965 1149 1999 1989 1917 1954 1930 1869209 1904302 1929655 1846284 1822138 1735833 1724773 1733935 
0 5980000 1955 1968 1147 1997 1991 1919 1955 1929 1870282 1905263 1930647 1847284 1824030 1737806 1725566 1734951 
0 5990000 1957 1965 1149 1997 1990 1919 1956 1931 1871345 1906164 1931642 1848284 1824967 1738792 1727117 1736919 
0 6000000 1956 1966 1148 1998 1992 1921 1957 1933 1873400 1907991 1932545 1849215 1825848 1739743 1727901 1737906 
0 6010000 1958 1967 1147 2002 1992 1920 1956 1931 1874375 1908860 1934495 1851196 1827727 1740778 1728679 1738880 
0 6020000 1957 1970 1148 2002 1993 1922 1956 1933 1875456 1909831 1935453 1852176 1828650 1742763 1730236 1739877 
0 6030000 1959 1969 1148 2002 1992 1921 1959 1934 1877655 1910770 1936485 1853254 1829699 1743809 1731105 1742019 
0 6040000 1960 1971 1151 2003 1994 1920 1957 1934 1878748 1912717 1938506 1854322 1830710 1744873 1732016 1743024 
0 6050000 1960 1972 1148 2005 1996 1923 1961 1935 1879830 1913657 1939465 1856388 1832701 1746940 1732891 1744096 
0 6060000 1961 1973 1151 2006 1997 1923 1960 1936 1880867 1914620 1940465 1857398 1833717 1747930 1734639 1746126 
0 6070000 1963 1975 1151 2004 1998 1922 1960 1938 1882944 1916425 1941425 1858399 1834651 1748898 1735521 1747105 
0 6080000 1962 1975 1149 2006 1997 1926 1963 1937 1883896 1917298 1943333 1860357 1835626 1749900 1736433 1748074 
0 6090000 1964 1975 1151 2007 1998 1929 1963 1943 1884853 1918200 1944268 1861349 1837495 1751825 1738111 1749033 
0 6100000 1963 1976 1150 2007 1999 1925 1964 1939 1886896 1919065 1945188 1862300 1838429 1752848 1739116 1750991 
0 6110000 1963 1975 1152 2009 2000 1926 1962 1939 1887926 1920978 1947102 1863359 1839552 1753842 1741394 1752029 
0 6120000 1965 1976 1152 2010 2001 1928 1965 1940 1888984 1921893 1948070 1865450 1841667 1755861 1742551 1753087 
0 6130000 1967 1977 1153 2009 2000 1930 1965 1942 1889994 1922835 1949064 1866392 1842635 1756829 1744286 1755000 
0 6140000 1965 1980 1150 2011 2002 1929 1966 1943 1891735 1924549 1949928 1867278 1843482 1757685 1745069 1755792 
0 6150000 1968 1978 1155 2012 2003 1931 1967 1943 1892577 1925317 1951596 1868986 1844293 1758444 1745733 1756619 
0 6160000 1966 1979 1153 2012 2004 1930 1966 1942 1893462 1926152 1952405 1869815 1845960 1760229 1747266 1757501 
0 6170000 1968 1981 1153 2012 2006 1932 1968 1944 1895264 1927012 1953325 1870735 1846828 1761110 1748048 1759263 
0 6180000 1971 1980 1154 2014 2006 1933 1969 1944 1896216 1928658 1955075 1871602 1847711 1762025 1748898 1760185 
0 6190000 1972 1980 1154 2014 2006 1933 1970 1946 1897120 1929504 1955961 1873440 1849475 1762872 1749710 1761001 
0 6200000 1969 1981 1154 2015 2006 1933 1970 1946 1898122 1930418 1956843 1874346 1850410 1764784 1751428 1762825 
0 6210000 1971 1981 1154 2016 2008 1935 1971 1947 1900235 1932254 1957697 1875280 1851263 1765920 1751238 1763927 
0 6220000 1970 1985 1153 2016 2008 1936 1973 1948 1901514 1933364 1959793 1877638 1852270 1767135 1751952 1765088 
0 6230000 1973 1985 1156 2017 2008 1935 1973 1949 1902788 1934501 1960925 1878947 1854574 1769867 1753000 1766252 
0 6240000 1974 1986 1154 2019 2008 1938 1972 1950 1905724 1935797 1962162 1880391 1855966 1771474 1755584 1769131 
0 6250000 1975 1989 1155 2019 2010 1939 1977 1950 1907705 1938794 1965333 1882104 1857603 1773463 1757254 1770926 
0 6260000 1978 1986 1155 2025 2012 1940 1976 1952 1910494 1941009 1967639 1887258 1862356 1776053 1759318 1773286 
0 6270000 1980 1991 1157 2024 2014 1943 1978 1954 1913835 1943658 1970342 1890581 1865433 1783169 1764849 1779431 
0 6280000 1986 1994 1157 2028 2018 1948 1982 1958 1921596 1950018 1973391 1894314 1868845 1787195 1768102 1783000 
0 6290000 1985 1995 1157 2030 2021 1949 1984 1961 1926462 1953948 1981038 1903270 1872738 1791841 1771915 1787149 
0 6300000 1986 1999 1161 2031 2024 1952 1988 1964 1931638 1958197 1985402 1908255 1881768 1802067 1776103 1791602 
0 6310000 1994 2005 1160 2037 2026 1963 1991 1968 1943002 1962638 1990161 1913436 1886467 1807549 1788382 1801553 
0 6320000 1998 2009 1164 2041 2033 1961 1996 1969 1949576 1972868 2001111 1919242 1892134 1813597 1795011 1807325 
0 6330000 2001 2014 1164 2046 2038 1965 2001 1975 1956760 1978890 2007378 1932442 1905282 1820468 1801327 1813657 
0 6340000 2006 2016 1165 2051 2042 1972 2005 1980 1964494 1985545 2014202 1940044 1912751 1837433 1815125 1820604 
0 6350000 2014 2027 1170 2060 2052 1979 2011 1987 1982182 2001138 2021606 1948357 1920954 1847404 1822854 1837199 
0 6360000 2020 2034 1173 2066 2058 1987 2018 1995 1993556 2011019 2039917 1969291 1930165 1858963 1831917 1847783 
0 6370000 2028 2044 1175 2074 2067 1997 2028 2004 2008335 2023809 2051731 1983930 1955493 1895665 1843804 1862279 
0 6380000 2038 2056 1178 2090 2078 2012 2039 2014 2025343 2038710 2065660 2000802 1971978 1918451 1872341 1899194 
0 6390000 2051 2067 1184 2098 2092 2024 2052 2027 2065037 2073925 2099610 2019275 1989980 1942416 1888624 1920095 
0 6400000 2064 2079 1188 2112 2104 2038 2065 2040 2085658 2092512 2117927 2057421 2027344 1966164 1905314 1941021 
0 6410000 2076 2092 1192 2127 2116 2053 2078 2053 2106253 2111231 2136585 2076649 2046181 2012488 1938466 1961773 
0 6420000 2093 2108 1196 2141 2129 2067 2092 2069 2146596 2148499 2155184 2095728 2064749 2034741 1955829 2002027 
0 6430000 2105 2120 1203 2153 2143 2080 2105 2079 2166257 2166826 2192117 2133167 2083244 2056301 1973476 2021549 
0 6440000 2114 2132 1207 2164 2156 2095 2118 2093 2185495 2184937 2210286 2151538 2119775 2097504 1991134 2040651 
0 6450000 2127 2146 1212 2179 2168 2105 2130 2107 2204305 2202698 2228173 2169624 2137600 2117253 2025192 2077951 
0 6460000 2140 2157 1217 2189 2182 2118 2142 2117 2240760 2237289 2263013 2187322 2155086 2136419 2042215 2095980 
0 6470000 2151 2168 1218 2199 2192 2132 2156 2131 2258322 2254028 2279919 2221676 2189172 2155033 2058984 2113653 
0 6480000 2164 2180 1225 2212 2204 2143 2165 2143 2275487 2270462 2296441 2238247 2205734 2190773 2091789 2130972 
0 6490000 2176 2191 1227 2224 2216 2156 2178 2155 2308578 2286485 2312735 2254575 2221996 2207965 2107707 2164616 
0 6500000 2187 2203 1232 2235 2225 2167 2189 2165 2324534 2317653 2344163 2286128 2237937 2224717 2123451 2180906 
0 6510000 2197 2213 1237 2243 2237 2176 2201 2176 2340162 2332672 2359372 2301402 2269102 2257045 2138871 2196827 
0 6520000 2205 2222 1241 2248 2247 2187 2211 2188 2355420 2347445 2374252 2316392 2284205 2272635 2168688 2227802 
0 6530000 2215 2235 1243 2264 2258 2200 2222 2197 2384847 2376020 2388837 2331008 2299091 2287825 2182827 2242862 
0 6540000 2226 2244 1245 2273 2267 2208 2232 2207 2399085 2389872 2417034 2359424 2327712 2302663 2197037 2257588 
0 6550000 2237 2252 1250 2281 2275 2218 2240 2218 2413008 2403484 2430689 2373055 2341507 2331388 2224987 2272036 
0 6560000 2247 2263 1255 2292 2285 2229 2250 2229 2439886 2416695 2444013 2386428 2355064 2345193 2238650 2299948 
0 6570000 2254 2272 1258 2301 2294 2238 2259 2237 2452851 2442563 2469889 2412241 2368346 2358702 2251763 2313476 
0 6580000 2260 2282 1260 2310 2302 2246 2266 2245 2465584 2455101 2482415 2424790 2394290 2384909 2264089 2326813 
0 6590000 2270 2287 1262 2316 2310 2256 2275 2254 2478035 2467307 2494655 2437024 2406729 2397478 2289408 2352534 
0 6600000 2279 2297 1268 2325 2318 2263 2284 2262 2502126 2490949 2506633 2449007 2418947 2409856 2301957 2365040 
0 6610000 2283 2304 1266 2333 2328 2271 2293 2272 2513810 2502429 2529873 2472301 2442716 2421867 2314277 2377246 
0 6620000 2295 2313 1273 2339 2332 2279 2300 2277 2525200 2513719 2541109 2483607 2454275 2445177 2338471 2389229 
0 6630000 2302 2320 1273 2345 2341 2290 2308 2286 2547428 2524770 2552160 2494687 2465648 2456466 2350259 2412623 
0 6640000 2309 2327 1275 2356 2347 2294 2315 2293 2558164 2546222 2573618 2505568 2476789 2467551 2361956 2423915 
0 6650000 2317 2333 1281 2360 2356 2301 2323 2301 2568675 2556587 2584010 2526662 2498480 2488979 2373452 2435072 
0 6660000 2324 2343 1281 2368 2361 2308 2329 2308 2579040 2566807 2594226 2536959 2509019 2499369 2395959 2456775 
0 6670000 2331 2348 1286 2374 2369 2318 2335 2316 2599135 2586713 2604231 2547036 2519445 2509569 2406948 2467359 
0 6680000 2338 2355 1288 2380 2377 2322 2345 2323 2608925 2596383 2623728 2566654 2529645 2519624 2417624 2477718 
0 6690000 2343 2361 1289 2386 2380 2329 2352 2328 2618538 2605845 2633201 2576241 2549536 2539030 2438493 2487894 
0 6700000 2353 2367 1291 2392 2387 2336 2356 2337 2637189 2615192 2642472 2585610 2559233 2548492 2448602 2507676 
0 6710000 2357 2373 1295 2397 2393 2341 2362 2342 2646284 2633406 2660429 2594859 2568764 2557777 2458619 2517379 
0 6720000 2361 2378 1295 2403 2400 2348 2368 2346 2655114 2642254 2669379 2612886 2587343 2575873 2468519 2526923 
0 6730000 2370 2383 1299 2408 2405 2354 2374 2354 2664026 2650995 2678053 2621614 2596383 2584646 2487663 2545505 
0 6740000 2377 2390 1301 2414 2413 2361 2380 2360 2681202 2668072 2686517 2630225 2605321 2593300 2496981 2554660 
0 6750000 2379 2396 1302 2420 2417 2364 2386 2366 2689580 2676421 2703153 2646892 2614059 2601796 2506171 2563581 
0 6760000 2386 2400 1305 2425 2420 2371 2391 2371 2697838 2684610 2711292 2654995 2631093 2618406 2524326 2572340 
0 6770000 2393 2406 1305 2431 2426 2377 2396 2377 2713926 2692672 2719294 2663141 2639433 2626516 2533260 2589626 
0 6780000 2395 2413 1306 2434 2430 2381 2402 2380 2721820 2708502 2734880 2671103 2647696 2634532 2541855 2598084 
0 6790000 2401 2416 1309 2437 2436 2385 2407 2386 2729537 2716224 2742469 2686736 2663855 2642415 2550396 2606415 
0 6800000 2405 2419 1311 2444 2441 2392 2412 2391 2737189 2723801 2749998 2694365 2671715 2657789 2567450 2622763 
0 6810000 2411 2424 1313 2448 2446 2398 2417 2398 2752087 2738589 2757345 2701923 2679490 2665369 2575873 2630770 
0 6820000 2415 2430 1314 2454 2450 2402 2422 2403 2759346 2745885 2771804 2716634 2687130 2672753 2584255 2638657 
0 6830000 2420 2438 1317 2458 2453 2407 2426 2407 2766551 2752979 2778867 2723882 2702160 2687268 2592550 2646507 
0 6840000 2428 2440 1317 2463 2458 2412 2431 2413 2780677 2760098 2785850 2731062 2709558 2694403 2608842 2661757 
0 6850000 2429 2444 1321 2466 2462 2416 2435 2417 2787586 2773973 2799481 2738084 2716859 2701407 2616840 2669209 
0 6860000 2432 2448 1319 2469 2469 2421 2441 2420 2794402 2780765 2806191 2751965 2731181 2708357 2624642 2676614 
0 6870000 2436 2454 1321 2475 2469 2426 2444 2425 2801087 2787558 2812761 2758652 2738122 2721953 2639169 2691136 
0 6880000 2443 2456 1324 2479 2477 2432 2447 2430 2814241 2800657 2819218 2765269 2744914 2728624 2646532 2698261 
0 6890000 2445 2459 1325 2483 2480 2435 2452 2434 2820656 2807072 2831986 2778335 2751712 2735232 2653916 2705265 
0 6900000 2450 2463 1326 2484 2483 2439 2458 2438 2827006 2813424 2838189 2784774 2765047 2748131 2661301 2712207 
0 6910000 2455 2468 1327 2490 2488 2442 2464 2443 2839445 2819755 2844365 2791099 2771661 2754474 2675912 2725831 
0 6920000 2459 2472 1327 2493 2490 2447 2466 2447 2845574 2832068 2856516 2797405 2778205 2760757 2683091 2732599 
0 6930000 2461 2477 1330 2497 2494 2451 2469 2453 2851612 2838138 2862413 2809759 2790922 2766940 2690185 2739267 
0 6940000 2465 2478 1330 2499 2498 2454 2473 2454 2857609 2844127 2868289 2815841 2797227 2779135 2704151 2745849 
0 6950000 2471 2484 1338 2504 2505 2459 2476 2459 2869381 2855932 2874155 2821918 2803476 2785173 2711008 2758805 
0 6960000 2474 2487 1333 2508 2507 2464 2482 2463 2875127 2861720 2885510 2833769 2809612 2791179 2717807 2765211 
0 6970000 2477 2490 1337 2510 2507 2467 2483 2467 2880853 2867499 2891197 2839645 2821644 2802898 2724460 2771528 
0 6980000 2479 2495 1336 2515 2512 2470 2489 2473 2886405 2873186 2896722 2845433 2827434 2808669 2736075 2783982 
0 6990000 2483 2497 1336 2517 2514 2474 2492 2472 2897491 2884273 2907602 2851118 2833220 2814330 2742464 2790139 
0 7000000 2488 2501 1338 2521 2518 2475 2494 2475 2902941 2889719 2912904 2862265 2844722 2819987 2748842 2796150 
0 7010000 2491 2504 1339 2524 2522 2480 2499 2480 2908368 2895136 2918213 2867851 2850445 2831100 2761568 2802117 
0 7020000 2495 2508 1340 2527 2524 2485 2502 2483 2918977 2905838 2923439 2873298 2856101 2836621 2767892 2813949 
0 7030000 2497 2511 1341 2530 2529 2489 2507 2486 2924176 2911150 2933762 2884082 2861668 2842015 2774155 2819729 
0 7040000 2501 2513 1343 2533 2532 2491 2508 2489 2929411 2916336 2938852 2889399 2872679 2852733 2780363 2825553 
0 7050000 2505 2516 1343 2535 2535 2496 2512 2494 2934515 2921501 2943897 2894633 2878131 2857939 2792518 2836867 
0 7060000 2510 2520 1346 2540 2538 2496 2515 2496 2944611 2931663 2953813 2899811 2883511 2863241 2798544 2842549 
0 7070000 2512 2524 1348 2542 2540 2500 2518 2499 2949598 2936634 2958721 2910249 2894133 2868370 2804508 2848068 
0 7080000 2513 2527 1345 2544 2543 2503 2520 2502 2954518 2941614 2963529 2915223 2899343 2878620 2816220 2853587 
0 7090000 2518 2531 1348 2546 2546 2507 2524 2506 2964296 2946580 2968303 2920260 2904573 2883699 2821984 2864451 
0 7100000 2521 2530 1350 2549 2549 2510 2528 2510 2969070 2956282 2977776 2930176 2909806 2888674 2827712 2869809 
0 7110000 2523 2535 1351 2553 2553 2512 2530 2511 2973809 2961048 2982449 2935028 2919863 2898548 2833413 2875079 
0 7120000 2528 2535 1353 2555 2556 2517 2532 2517 2978520 2965762 2987017 2939883 2924823 2903498 2844694 2885600 
0 7130000 2528 2539 1352 2558 2558 2518 2537 2518 2987778 2975089 2991562 2944693 2929826 2908278 2850255 2890766 
0 7140000 2533 2542 1352 2562 2560 2522 2538 2519 2992324 2979652 3000561 2954140 2939581 2913025 2855862 2895844 
0 7150000 2535 2544 1352 2561 2563 2525 2541 2524 2996793 2984182 3004927 2958769 2944391 2922519 2866759 2900895 
0 7160000 2539 2548 1356 2567 2566 2530 2544 2526 3005747 2988679 3009330 2963405 2949163 2927175 2872080 2911018 
0 7170000 2540 2549 1355 2569 2568 2531 2548 2529 3010140 2997575 3017987 2972516 2953904 2931813 2877303 2915978 
0 7180000 2543 2555 1357 2572 2573 2533 2549 2531 3014469 3001920 3022212 2977004 2963179 2940904 2882536 2920853 
0 7190000 2546 2557 1357 2575 2573 2535 2554 2533 3018751 3006232 3026425 2981395 2967795 2945426 2892664 2930467 
0 7200000 2548 2558 1359 2577 2575 2538 2556 2536 3027265 3014773 3030567 2985800 2972310 2949941 2897713 2935243 
0 7210000 2551 2561 1360 2577 2576 2541 2557 2539 3031493 3019005 3038866 2994526 2981279 2954388 2902558 2939976 
0 7220000 2552 2561 1358 2580 2580 2542 2561 2540 3035631 3023155 3042887 2998837 2985690 2963167 2912638 2944679 
0 7230000 2559 2567 1361 2584 2583 2547 2563 2545 3043816 3027302 3046886 3003041 2990081 2967482 2917519 2953909 
0 7240000 2558 2566 1361 2585 2584 2549 2566 2547 3047828 3035480 3054807 3007282 2994384 2971799 2922376 2958532 
0 7250000 2562 2570 1362 2586 2587 2551 2569 2548 3051892 3039496 3058701 3015526 3002992 2980279 2927173 2963023 
0 7260000 2563 2571 1364 2589 2589 2554 2568 2551 3055804 3043533 3062600 3019696 3007148 2984468 2934919 2971981 
0 7270000 2563 2574 1363 2592 2592 2558 2574 2555 3063654 3051372 3066396 3023727 3011288 2988643 2939351 2976340 
0 7280000 2569 2577 1364 2592 2594 2559 2576 2557 3067493 3055208 3073969 3031681 3015341 2992792 2943925 2980699 
0 7290000 2571 2579 1364 2596 2595 2560 2577 2559 3071324 3059056 3077690 3035649 3023471 3000964 2953210 2985014 
0 7300000 2574 2581 1365 2598 2599 2565 2579 2561 3078824 3062890 3081385 3039575 3027527 3004965 2957771 2993573 
0 7310000 2574 2584 1365 2600 2602 2565 2583 2562 3082626 3070426 3088672 3043467 3031533 3008993 2962227 2997847 
0 7320000 2577 2585 1369 2601 2602 2569 2585 2565 3086301 3074154 3092288 3051127 3039535 3016974 2966747 3002032 
0 7330000 2579 2589 1370 2603 2605 2570 2586 2569 3089971 3077850 3095879 3054940 3043420 3020856 2975532 3010372 
0 7340000 2581 2591 1367 2606 2606 2572 2590 2569 3097199 3085150 3099431 3058699 3047287 3024776 2979873 3014512 
0 7350000 2581 2593 1371 2609 2609 2576 2590 2572 3100808 3088750 3106454 3066106 3051146 3028633 2984158 3018529 
0 7360000 2586 2593 1367 2609 2609 2577 2592 2576 3104361 3092372 3109922 3069833 3058777 3036290 2992609 3022573 
0 7370000 2588 2596 1371 2612 2613 2580 2595 2576 3111446 3095879 3113358 3073440 3062496 3040111 2996835 3030589 
0 7380000 2590 2598 1371 2613 2615 2580 2598 2579 3114893 3102964 3120177 3077094 3066269 3043850 3000916 3034549 
0 7390000 2591 2599 1371 2615 2616 2583 2599 2579 3118338 3106425 3123550 3084295 3073662 3047629 3005061 3038479 
0 7400000 2595 2601 1371 2618 2618 2586 2601 2583 3121788 3109850 3126923 3087810 3077300 3054989 3013181 3046298 
0 7410000 2597 2602 1373 2621 2620 2587 2603 2585 3128591 3116711 3130198 3091366 3080945 3058648 3017025 3050122 
0 7420000 2596 2605 1374 2622 2622 2590 2604 2586 3131872 3120080 3136748 3098293 3084503 3062335 3020830 3053946 
0 7430000 2599 2608 1373 2624 2623 2591 2606 2589 3135209 3123422 3139999 3101736 3091602 3069537 3024812 3057745 
0 7440000 2602 2611 1372 2623 2625 2594 2609 2591 3141783 3126725 3143204 3105156 3095079 3073090 3032431 3065251 
0 7450000 2606 2611 1376 2625 2629 2594 2611 2593 3145047 3133376 3149601 3108579 3098554 3076656 3036272 3068950 
0 7460000 2606 2612 1376 2627 2627 2597 2611 2593 3148305 3136634 3152716 3115257 3105417 3080203 3040031 3072679 
0 7470000 2608 2614 1377 2630 2632 2599 2615 2596 3151489 3139835 3155813 3118577 3108815 3087148 3047645 3079967 
0 7480000 2612 2617 1377 2636 2633 2601 2618 2598 3157782 3146235 3158964 3121833 3112218 3090643 3051432 3083575 
0 7490000 2613 2619 1379 2633 2636 2601 2619 2600 3160960 3149366 3165010 3128359 3115629 3094041 3055211 3087159 
0 7500000 2613 2619 1378 2635 2637 2605 2621 2601 3164000 3152490 3168098 3131624 3122242 3100801 3058942 3090689 
0 7510000 2616 2622 1379 2637 2639 2608 2621 2604 3170161 3155665 3171108 3134819 3125578 3104201 3066364 3097756 
0 7520000 2617 2625 1379 2638 2640 2607 2625 2607 3173238 3161859 3177094 3137996 3128877 3107607 3070097 3101274 
0 7530000 2618 2623 1382 2640 2641 2610 2626 2608 3176251 3164907 3180030 3144320 3135376 3110883 3073738 3104736 
0 7540000 2620 2626 1381 2642 2644 2612 2627 2609 3179255 3167923 3182980 3147457 3138587 3117460 3080993 3108209 
0 7550000 2623 2630 1380 2644 2644 2613 2629 2610 3185193 3173935 3185879 3150572 3141802 3120753 3084543 3115013 
0 7560000 2624 2629 1381 2645 2647 2617 2632 2612 3188162 3176905 3191646 3156732 3145014 3124017 3088125 3118432 
0 7570000 2626 2631 1381 2646 2647 2618 2634 2616 3191043 3179861 3194481 3159768 3151232 3130426 3091662 3121779 
0 7580000 2626 2635 1382 2648 2649 2619 2635 2617 3193977 3182821 3197327 3162783 3154414 3133581 3098678 3128390 
0 7590000 2629 2635 1381 2649 2653 2620 2638 2618 3199689 3188623 3202906 3165790 3157522 3136802 3102112 3131704 
0 7600000 2631 2638 1384 2652 2646 2622 2637 2620 3202514 3191536 3205695 3171746 3163671 3139908 3105558 3134976 
0 7610000 2633 2639 1383 2653 2653 2624 2640 2622 3205377 3194419 3208462 3174667 3166689 3146207 3112422 3138270 
0 7620000 2637 2640 1385 2655 2657 2625 2643 2622 3210938 3200087 3211212 3177600 3169731 3149289 3115759 3144651 
0 7630000 2634 2643 1383 2656 2658 2629 2644 2624 3213749 3202903 3216661 3183431 3172724 3152368 3119064 3147850 
0 7640000 2637 2639 1385 2657 2659 2628 2645 2626 3216494 3205728 3219324 3186323 3178664 3158498 3122364 3151064 
0 7650000 2641 2644 1386 2659 2660 2631 2645 2627 3219227 3208478 3222066 3189159 3181655 3161511 3129045 3157353 
0 7660000 2641 2646 1386 2659 2662 2632 2650 2630 3224610 3214002 3227352 3191984 3184578 3164521 3132385 3160494 
0 7670000 2644 2650 1387 2661 2663 2634 2650 2631 3227306 3216764 3229967 3197611 3190401 3167493 3135674 3163615 
0 7680000 2644 2646 1387 2661 2665 2636 2650 2633 3229996 3219475 3232568 3200433 3193288 3173398 3142218 3166751 
0 7690000 2646 2651 1387 2666 2665 2637 2652 2635 3235266 3222191 3235132 3203237 3196160 3176346 3145475 3172807 
0 7700000 2646 2653 1388 2667 2669 2639 2656 2636 3237884 3227587 3240352 3208784 3199027 3179289 3148684 3175870 
0 7710000 2650 2651 1388 2666 2670 2641 2657 2638 3240532 3230250 3242879 3211465 3204700 3185112 3151903 3178892 
0 7720000 2650 2656 1394 2669 2671 2641 2658 2638 3243091 3232860 3245416 3214236 3207533 3188031 3158293 3184870 
0 7730000 2651 2655 1389 2672 2672 2645 2661 2642 3248248 3238125 3247945 3216898 3210313 3190888 3161410 3187846 
0 7740000 2654 2656 1392 2670 2673 2646 2660 2643 3250794 3240733 3252922 3222303 3215849 3193715 3164572 3190794 
0 7750000 2656 2657 1390 2671 2672 2646 2660 2645 3253271 3243304 3255409 3224959 3218559 3199389 3170157 3193705 
0 7760000 2656 2659 1391 2675 2675 2649 2669 2645 3258237 3245858 3257786 3227509 3221224 3202165 3173188 3199475 
0 7770000 2659 2662 1394 2677 2676 2650 2665 2647 3260691 3250902 3262626 3232716 3223880 3204913 3176228 3202312 
0 7780000 2661 2662 1390 2676 2677 2651 2667 2648 3263116 3253354 3265027 3235315 3229238 3210385 3179262 3205154 
0 7790000 2660 2663 1392 2677 2680 2654 2666 2650 3265568 3255922 3267405 3237887 3231936 3213158 3185318 3210824 
0 7800000 2661 2668 1392 2680 2683 2654 2671 2652 3270399 3260870 3269749 3240426 3234527 3215869 3188197 3213635 
0 7810000 2663 2668 1391 2680 2681 2654 2671 2652 3272843 3263350 3274434 3245453 3239740 3218559 3191185 3216409 
0 7820000 2666 2668 1393 2682 2684 2657 2672 2654 3275187 3265761 3276780 3247991 3242343 3223914 3197087 3219167 
0 7830000 2667 2670 1394 2682 2685 2657 2674 2657 3279911 3268171 3279075 3250482 3244948 3226614 3200100 3224680 
0 7840000 2668 2670 1396 2685 2686 2659 2673 2657 3282248 3273020 3283717 3252978 3247498 3229220 3203054 3227356 
0 7850000 2671 2672 1394 2685 2687 2662 2676 2658 3284551 3275462 3285969 3257913 3252653 3234472 3206030 3230111 
0 7860000 2671 2674 1394 2688 2688 2662 2677 2660 3286895 3277836 3288245 3260335 3255208 3237093 3211859 3235433 
0 7870000 2672 2673 1396 2689 2690 2664 2679 2661 3291494 3282549 3290508 3262735 3257717 3239648 3214779 3238151 
0 7880000 2672 2679 1397 2691 2691 2665 2679 2663 3293738 3284887 3294943 3267532 3260217 3242206 3217620 3240760 
0 7890000 2674 2674 1397 2690 2693 2666 2679 2663 3295971 3287209 3297165 3269920 3265214 3247349 3223441 3243432 
0 7900000 2678 2678 1397 2692 2694 2666 2684 2666 3300507 3289524 3299442 3272344 3267685 3249898 3226274 3248650 
0 7910000 2679 2675 1399 2692 2695 2668 2684 2666 3302745 3294178 3303814 3274689 3270176 3252360 3229084 3251256 
0 7920000 2678 2681 1398 2693 2696 2668 2685 2666 3304921 3296464 3305979 3279428 3275014 3257428 3231885 3253809 
0 7930000 2680 2680 1399 2696 2699 2672 2685 2668 3307122 3298727 3308060 3281719 3277481 3259850 3237397 3258914 
0 7940000 2683 2683 1401 2697 2699 2673 2688 2670 3311497 3303205 3310228 3284026 3279883 3262333 3240130 3261483 
0 7950000 2682 2683 1403 2698 2699 2674 2690 2672 3313654 3305409 3314465 3288629 3282239 3264786 3242906 3263972 
0 7960000 2685 2685 1398 2700 2700 2675 2689 2674 3315782 3307639 3316553 3290885 3286938 3269664 3248292 3266478 
0 7970000 2721 2687 1399 2701 2702 2676 2690 2674 3320065 3309870 3318654 3293168 3289335 3272029 3250991 3271431 
0 7980000 2687 2688 1400 2700 2701 2677 2692 2676 3322190 3314257 3322846 3295414 3291676 3274485 3253661 3273953 
0 7990000 2689 2687 1399 2701 2704 2679 2693 2676 3324341 3316459 3324921 3299948 3296298 3276879 3256352 3276384 
0 8000000 2690 2690 1401 2705 2707 2681 2693 2677 3326451 3318622 3326960 3302149 3298615 3281650 3261617 3281264 
0 8010000 2690 2693 1400 2704 2708 2680 2696 2680 3330618 3322899 3328999 3304357 3300885 3283959 3264229 3283685 
0 8020000 2691 2693 1402 2706 2706 2681 2696 2680 3332692 3325075 3333026 3308769 3303172 3286333 3266874 3286080 
0 8030000 2692 2693 1402 2707 2710 2683 2699 2680 3334705 3327180 3335072 3310926 3307695 3291013 3272020 3288476 
0 8040000 2694 2700 1401 2707 2710 2684 2700 2683 3338853 3329302 3337093 3313087 3309940 3293293 3274569 3293222 
0 8050000 2696 2694 1402 2708 2711 2685 2703 2684 3340853 3333479 3341042 3315229 3312183 3295635 3277138 3295607 
0 8060000 2693 2694 1400 2710 2712 2685 2701 2684 3342894 3335524 3343025 3319518 3316583 3297892 3279692 3297942 
0 8070000 2696 2700 1405 2709 2712 2688 2703 2686 3344892 3337640 3344996 3321623 3318806 3302462 3284435 3302573 
0 8080000 2697 2697 1403 2710 2714 2688 2705 2688 3348846 3341694 3346883 3323700 3320954 3304694 3286866 3304874 
0 8090000 2698 2700 1406 2715 2713 2690 2704 2689 3350845 3343686 3350715 3327893 3323111 3306963 3289384 3307134 
0 8100000 2700 2701 1404 2712 2717 2691 2707 2689 3352759 3345702 3352708 3329945 3327383 3311345 3291848 3309412 
0 8110000 2703 2701 1404 2716 2718 2694 2708 2691 3356662 3347705 3354525 3331946 3329506 3313550 3296776 3313925 
0 8120000 2702 2702 1408 2714 2718 2694 2709 2688 3358599 3351658 3358322 3334008 3331640 3315708 3299266 3316172 
0 8130000 2703 2705 1403 2717 2718 2693 2709 2694 3360451 3353652 3360160 3338053 3335861 3317891 3301708 3318362 
0 8140000 2705 2702 1405 2718 2720 2694 2708 2694 3362346 3355583 3362014 3340084 3337925 3322198 3306579 3320590 
0 8150000 2706 2706 1404 2717 2722 2696 2713 2695 3366146 3359455 3363850 3342082 3339977 3324344 3308958 3324976 
0 8160000 2710 2705 1407 2718 2722 2698 2712 2695 3367992 3361355 3367477 3346035 3342050 3326476 3311320 3327145 
0 8170000 2707 2708 1406 2721 2724 2698 2714 2696 3369815 3363226 3369260 3347964 3346085 3330676 3313685 3329285 
0 8180000 2710 2709 1408 2720 2723 2699 2715 2698 3373488 3365105 3371067 3349880 3348090 3332738 3318345 3333573 
0 8190000 2711 2711 1407 2723 2724 2701 2715 2699 3375302 3368899 3374572 3351843 3350095 3334832 3320606 3335692 
0 8200000 2710 2711 1406 2723 2724 2702 2715 2700 3377103 3370721 3376354 3355609 3354049 3336857 3322913 3337784 
0 8210000 2711 2710 1405 2725 2726 2704 2718 2701 3378919 3372557 3378108 3357561 3355979 3340946 3327418 3339910 
0 8220000 2710 2712 1406 2726 2729 2704 2719 2702 3382492 3376276 3379862 3359427 3357911 3342987 3329697 3344026 
0 8230000 2716 2715 1409 2727 2728 2706 2719 2704 3384269 3378045 3383315 3363190 3359886 3345032 3331893 3346079 
0 8240000 2714 2716 1406 2728 2729 2707 2721 2704 3386061 3379862 3385065 3365073 3363765 3349045 3334170 3348160 
0 8250000 2716 2717 1409 2728 2731 2707 2722 2705 3387800 3381701 3386795 3366910 3365670 3351034 3338549 3352232 
0 8260000 2717 2717 1409 2727 2731 2706 2724 2706 3391290 3385273 3390174 3368730 3367578 3352972 3340704 3354245 
0 8270000 2717 2714 1410 2729 2732 2709 2722 2707 3393049 3387049 3391865 3372394 3371295 3354994 3342851 3356269 
0 8280000 2718 2718 1408 2729 2732 2709 2723 2708 3394801 3388822 3393582 3374254 3373180 3358864 3346557 3358221 
0 8290000 2719 2720 1409 2731 2734 2711 2726 2709 3398253 3390604 3395266 3375988 3375053 3360812 3348535 3362155 
0 8300000 2722 2721 1412 2733 2736 2713 2726 2710 3399933 3394077 3398556 3379549 3376815 3362741 3350535 3364131 
0 8310000 2721 2721 1409 2730 2735 2712 2728 2710 3401662 3395748 3400210 3381336 3380431 3366563 3352570 3366077 
0 8320000 2720 2725 1413 2735 2735 2713 2728 2711 3403346 3397471 3401833 3383088 3382211 3368459 3356682 3369880 
0 8330000 2721 2722 1408 2734 2737 2715 2729 2713 3406739 3400907 3405101 3384787 3384032 3370347 3358684 3371798 
0 8340000 2724 2727 1410 2732 2738 2716 2730 2714 3408376 3402519 3406699 3388248 3387592 3372164 3360643 3373677 
0 8350000 2724 2722 1411 2734 2738 2716 2729 2711 3410028 3404232 3408354 3390001 3389345 3375891 3364723 3375557 
0 8360000 2726 2727 1410 2733 2739 2716 2733 2716 3413298 3405931 3409926 3391662 3391106 3377743 3366763 3379314 
0 8370000 2728 2725 1414 2738 2742 2719 2733 2717 3414977 3409269 3413167 3395085 3392848 3379583 3368760 3381199 
0 8380000 2727 2726 1412 2737 2742 2718 2733 2717 3416598 3410875 3414735 3396787 3396338 3383226 3370748 3383054 
0 8390000 2729 2726 1410 2740 2743 2720 2734 2717 3418300 3412504 3416351 3398465 3398086 3385033 3374692 3386779 
0 8400000 2729 2730 1413 2740 2748 2721 2737 2720 3421492 3415827 3417872 3400128 3399810 3386811 3376645 3388592 
0 8410000 2729 2728 1412 2740 2743 2721 2735 2719 3423100 3417467 3421008 3403466 3403231 3388646 3378618 3390424 
0 8420000 2730 2732 1414 2740 2744 2722 2737 2722 3424729 3419066 3422571 3405171 3404925 3392240 3382466 3392224 
0 8430000 2731 2733 1411 2741 2744 2722 2738 2722 3427899 3420695 3424134 3406778 3406592 3393972 3384353 3395808 
0 8440000 2731 2731 1414 2744 2745 2723 2738 2722 3429496 3423857 3427199 3408406 3408266 3395731 3386253 3397633 
0 8450000 2733 2732 1413 2743 2746 2726 2739 2723 3431003 3425479 3428718 3411681 3411602 3399298 3388181 3399408 
